1.000000000 0.000000000 0.000000000 0.000000000 0.000000000 1.000000000 0.000000000 0.000000000 0.000000000 0.000000000 1.000000000 0.000000000
1.000000000 -0.000044302 0.000117519 -0.014650505 0.000044133 0.999998987 0.001436224 -0.012516210 -0.000117583 -0.001436219 0.999998987 1.315739989
0.999998808 -0.001522323 -0.000029702 0.007004831 0.001522416 0.999992847 0.003440263 -0.018657137 0.000024465 -0.003440304 0.999994099 -0.240147024
0.999993145 0.003487606 0.001227151 -0.000976984 -0.003489915 0.999992073 0.001884519 -0.016959921 -0.001220570 -0.001888788 0.999997497 -1.868438244
0.999994695 0.002849153 0.001568656 -0.010516737 -0.002854401 0.999990284 0.003354067 -0.023368374 -0.001559084 -0.003358527 0.999993145 -3.636949062
0.999979317 0.005761973 0.002865894 -0.022265388 -0.005774262 0.999974072 0.004298505 -0.025060084 -0.002841052 -0.004314965 0.999986649 -5.357354641
0.999971330 0.006476202 0.003927572 -0.048230033 -0.006499933 0.999960542 0.006059771 -0.016273715 -0.003888172 -0.006085126 0.999973893 -7.025545120
0.999919772 0.010993504 0.006281191 -0.092015222 -0.011030873 0.999921441 0.005946104 0.000710797 -0.006215329 -0.006014914 0.999962509 -8.589343071
0.999903440 0.012332119 0.006390845 -0.109649926 -0.012362902 0.999912024 0.004800207 0.007278256 -0.006331086 -0.004878753 0.999967992 -10.138364792
0.999752700 0.020481605 0.008662511 -0.203068644 -0.020515529 0.999782145 0.003845631 -0.028715771 -0.008581858 -0.004022397 0.999955058 -11.932683945
0.999594450 0.027089130 0.008783188 -0.259648234 -0.027113518 0.999628723 0.002669805 -0.044198029 -0.008707604 -0.002906865 0.999957860 -13.758540154
0.999490440 0.030281557 0.010095316 -0.361936688 -0.030321499 0.999532878 0.003826808 -0.106528021 -0.009974718 -0.004130963 0.999941707 -15.641160011
0.999458313 0.031333186 0.010067265 -0.378738463 -0.031398438 0.999486446 0.006389667 -0.151606902 -0.009861888 -0.006702302 0.999928892 -17.332155228
0.999924600 0.008204102 0.009139922 -0.439013004 -0.008306827 0.999902070 0.011258433 -0.285794795 -0.009046664 -0.011333508 0.999894857 -19.319496155
0.999952376 0.002862890 0.009325502 -0.535285175 -0.003014521 0.999862850 0.016286464 -0.405030996 -0.009277594 -0.016313802 0.999823987 -21.427099228
0.999948025 -0.004509443 0.009145794 -0.613416433 0.004366474 0.999868870 0.015592452 -0.458989799 -0.009214908 -0.015551704 0.999836564 -23.402774811
0.999931872 -0.004558777 0.010746662 -0.758138180 0.004397489 0.999878049 0.014984338 -0.517996073 -0.010813662 -0.014936054 0.999830067 -25.439672470
0.999916494 -0.005661894 0.011609362 -0.797389805 0.005493392 0.999879777 0.014495052 -0.541223347 -0.011690035 -0.014430066 0.999827683 -27.039581299
0.999305606 -0.036576577 0.007094606 -0.561796904 0.036424663 0.999126613 0.020474331 -0.733180523 -0.007837288 -0.020201700 0.999765217 -28.264673233
0.999266684 -0.038073778 0.004059326 -0.528103411 0.037941109 0.998862982 0.028869798 -0.893224955 -0.005153893 -0.028694611 0.999574959 -29.842535019
0.999272227 -0.037603114 0.006391059 -0.564255059 0.037382286 0.998797119 0.031731337 -0.949781179 -0.007576566 -0.031469334 0.999475956 -31.724050522
0.999312282 -0.036248360 0.007806434 -0.577481508 0.035989668 0.998869359 0.031058628 -1.050773859 -0.008923434 -0.030756325 0.999487102 -33.471355438
0.997874141 -0.065053642 0.003903106 -0.406383812 0.064893737 0.997365713 0.032409739 -1.184530139 -0.006001195 -0.032087550 0.999467194 -35.236190796
0.997871399 -0.065025806 0.004935551 -0.416259706 0.064851098 0.997450531 0.029778155 -1.155188441 -0.006859316 -0.029394692 0.999544322 -33.892127991
0.997787476 -0.066418283 0.002953772 -0.375498056 0.066283055 0.997241676 0.033401392 -1.336470127 -0.005164087 -0.033131704 0.999437630 -35.991245270
0.997226417 -0.074310139 0.004170916 -0.345880002 0.074132696 0.996700525 0.033052251 -1.361951113 -0.006613272 -0.032651380 0.999444902 -37.950496674
0.996534467 -0.083090238 0.003882102 -0.333098710 0.082896136 0.995899320 0.036231656 -1.477553010 -0.006876681 -0.035784282 0.999335885 -40.019756317
0.996907055 -0.078416802 0.005209124 -0.352788836 0.078167185 0.996230960 0.037598882 -1.560824752 -0.008137875 -0.037075397 0.999279320 -41.767482758
0.997437119 -0.071141571 0.007632225 -0.454308927 0.070789054 0.996715188 0.039341968 -1.640572548 -0.010406003 -0.038700856 0.999196649 -43.429489136
0.997364700 -0.071906939 0.009643792 -0.546990395 0.071457550 0.996607542 0.040831748 -1.758792639 -0.012547162 -0.040035024 0.999119520 -45.288883209
0.997348905 -0.072130688 0.009600222 -0.527576268 0.071670473 0.996551335 0.041816756 -1.777969837 -0.012583384 -0.041017838 0.999079108 -46.962638855
0.997222662 -0.073927119 0.009053938 -0.526820242 0.073458120 0.996315956 0.044253733 -1.870940804 -0.012292135 -0.043465730 0.998979390 -48.895931244
0.997250199 -0.073250584 0.011244647 -0.546272814 0.072684377 0.996364176 0.044444080 -1.951579332 -0.014459319 -0.043504562 0.998948574 -50.911308289
0.996876597 -0.077977337 0.012515195 -0.498040825 0.077346310 0.995997787 0.044788104 -2.003194094 -0.015957564 -0.043680202 0.998918056 -52.762901306
0.996991575 -0.076526865 0.012305751 -0.453678548 0.075890005 0.996062815 0.045821417 -2.131047249 -0.015763868 -0.044749670 0.998873949 -54.504882812
0.997186601 -0.073588572 0.014268775 -0.506809771 0.072858356 0.996267378 0.046292324 -2.204216480 -0.017622106 -0.045122486 0.998826027 -56.176582336
0.997000396 -0.075794093 0.015666459 -0.481400192 0.074954174 0.996001244 0.048616841 -2.288246155 -0.019288678 -0.047296744 0.998694777 -57.802989960
0.997723818 -0.064485759 0.019716090 -0.573466480 0.063487835 0.996845543 0.047626514 -2.407529593 -0.022725128 -0.046266377 0.998670638 -59.580760956
0.998568177 -0.050033823 0.018925708 -0.610751331 0.049104705 0.997699916 0.046727438 -2.518476963 -0.021220131 -0.045731198 0.998728395 -61.244396210
0.999064922 -0.038762596 0.019155633 -0.631671727 0.037821677 0.998166502 0.047255930 -2.649092436 -0.020952275 -0.046487231 0.998699129 -63.004756927
0.999248505 -0.033634678 0.019263560 -0.586704195 0.032646734 0.998240948 0.049488492 -2.820064783 -0.020894209 -0.048822407 0.998588920 -65.000488281
0.999096453 -0.037992045 0.019046301 -0.569884837 0.037008706 0.998085141 0.049564086 -2.890460968 -0.020892866 -0.048814427 0.998589456 -66.672996521
0.999093115 -0.037634280 0.019914417 -0.561409056 0.036609184 0.998100281 0.049552456 -2.965732336 -0.021741455 -0.048778459 0.998572886 -68.525405884
0.999125361 -0.035926756 0.021394020 -0.581471086 0.034804758 0.998107791 0.050689567 -3.103749514 -0.023174649 -0.049900621 0.998485208 -70.022468567
0.999270678 -0.029687671 0.024015397 -0.634738326 0.028412893 0.998253942 0.051786318 -3.254752398 -0.025510883 -0.051066212 0.998369396 -71.737297058
0.998926282 -0.040914290 0.021733515 -0.526992202 0.039647117 0.997652054 0.055843506 -3.440988541 -0.023967279 -0.054921880 0.998202980 -73.309509277
0.999036908 -0.036312029 0.024629198 -0.578342915 0.034900956 0.997849226 0.055486705 -3.560920000 -0.026591064 -0.054573685 0.998155594 -74.884010315
0.999244392 -0.025974117 0.028913071 -0.704415321 0.024402292 0.998272300 0.053449523 -3.662943363 -0.030251421 -0.052703593 0.998151839 -76.940391541
0.999218643 -0.024284078 0.031181173 -0.758444786 0.022548350 0.998239458 0.054859828 -3.810359478 -0.032458495 -0.054113876 0.998006999 -78.967987061
0.999141276 -0.021011317 0.035709802 -0.825433731 0.019027464 0.998304248 0.055014491 -3.954803228 -0.036805183 -0.054287788 0.997846723 -80.450195312
0.999139309 -0.009512153 0.040374160 -0.977729321 0.007228228 0.998385251 0.056342632 -4.082037449 -0.040844902 -0.056002308 0.997594774 -82.183792114
0.998901308 0.006790259 0.046371087 -1.102132320 -0.009408770 0.998359084 0.056485899 -4.239202023 -0.045911454 -0.056860130 0.997325957 -84.220321655
0.998635590 0.013496795 0.050448183 -1.214919806 -0.016392296 0.998214960 0.057429697 -4.348105431 -0.049583014 -0.058178302 0.997074127 -86.353111267
0.998222113 0.025638819 0.053807873 -1.332117319 -0.028706677 0.997959137 0.057038881 -4.486978531 -0.052235641 -0.058482125 0.996920884 -88.171997070
0.997666240 0.037437025 0.057101309 -1.396049976 -0.040672667 0.997568250 0.056596812 -4.670473099 -0.054843638 -0.058787189 0.996762872 -90.072593689
0.997406244 0.039657269 0.060066842 -1.542276621 -0.043142214 0.997391105 0.057877310 -4.780927658 -0.057614878 -0.060318615 0.996515036 -92.188957214
0.997058988 0.044150192 0.062643126 -1.675400734 -0.047852077 0.997117519 0.058879968 -4.891207218 -0.059862994 -0.061704405 0.996297657 -94.085250854
0.996865988 0.044801321 0.065199398 -1.735009193 -0.048697844 0.997042418 0.059454635 -5.035275459 -0.062342919 -0.062443379 0.996099472 -95.710563660
0.996252418 0.052649751 0.068622373 -1.830399036 -0.056706194 0.996671438 0.058569603 -5.185718536 -0.065310270 -0.062241402 0.995922089 -97.274169922
0.995519698 0.059748746 0.073283955 -2.045727730 -0.064013675 0.996302724 0.057297938 -5.249286175 -0.069589525 -0.061732419 0.995663762 -98.939941406
0.995056808 0.063581675 0.076284334 -2.152052879 -0.068035133 0.996037602 0.057273723 -5.390602589 -0.072340518 -0.062180631 0.995439947 -100.690071106
0.994476914 0.069816038 0.078366816 -2.294895649 -0.074381113 0.995603740 0.056927074 -5.480021477 -0.074047871 -0.062441673 0.995297909 -102.102394104
0.994084477 0.074817888 0.078728907 -2.355618000 -0.079489246 0.995148540 0.057972614 -5.651529312 -0.074009567 -0.063887767 0.995208919 -103.887413025
0.993752718 0.077741265 0.080073550 -2.521935940 -0.082649671 0.994775474 0.059922669 -5.801800728 -0.074996755 -0.066166356 0.994986296 -105.798149109
0.993247569 0.082495108 0.081570834 -2.616635323 -0.087621830 0.994259655 0.061401870 -5.956862450 -0.076037236 -0.068134643 0.994774342 -107.342338562
0.993518114 0.078505710 0.082210883 -2.738246441 -0.083808213 0.994477987 0.063164055 -6.092952728 -0.076798171 -0.069644593 0.994611323 -108.939643860
0.992867231 0.086111963 0.082457803 -2.839156151 -0.091487788 0.993760467 0.063796759 -6.294387341 -0.076449640 -0.070885599 0.994550407 -110.692848206
0.992430210 0.088772319 0.084863141 -2.957173347 -0.094409451 0.993416309 0.064891785 -6.601319790 -0.078543827 -0.072412439 0.994277418 -113.059280396
0.991939545 0.092187040 0.086932942 -3.061799526 -0.097967327 0.993081450 0.064744681 -6.750672340 -0.080362856 -0.072739407 0.994108021 -114.923561096
0.991622627 0.093047328 0.089591362 -3.234419346 -0.099064790 0.992940366 0.065234542 -6.888405800 -0.082888976 -0.073563404 0.993839920 -116.885238647
0.991694212 0.089889862 0.091990896 -3.384311676 -0.096145995 0.993177056 0.065994486 -7.012642860 -0.085431017 -0.074290909 0.993570507 -118.940521240
0.990328908 0.103261806 0.092658557 -3.520253181 -0.109649457 0.991729140 0.066710353 -7.233010292 -0.085003570 -0.076225176 0.993460596 -120.951202393
0.988461792 0.116799802 0.096441858 -3.742992401 -0.123433724 0.990159750 0.065936603 -7.368693352 -0.087791473 -0.077079989 0.993152201 -122.700355530
0.986710906 0.127761081 0.100392766 -3.917748451 -0.134772584 0.988646030 0.066449806 -7.551895142 -0.090763226 -0.079096928 0.992726386 -124.600715637
0.985307753 0.133917183 0.105994068 -4.179417610 -0.141423896 0.987695038 0.066765502 -7.627274036 -0.095748767 -0.080774657 0.992122769 -126.201538086
0.985299468 0.130412340 0.110352121 -4.422971725 -0.138267756 0.988140881 0.066780359 -7.719117165 -0.100334466 -0.081056796 0.991646528 -127.913063049
0.984210193 0.134455204 0.115117677 -4.687603951 -0.142506361 0.987670958 0.064791970 -7.920323372 -0.104986772 -0.080173917 0.991236567 -130.151809692
0.982327759 0.143796280 0.119811103 -5.002342224 -0.151966155 0.986435711 0.062054195 -8.006582260 -0.109262787 -0.079164803 0.990855455 -131.778305054
0.981068790 0.148007721 0.124890640 -5.293746948 -0.156646490 0.985681891 0.062394373 -8.116771698 -0.113867611 -0.080776863 0.990206599 -133.650985718
0.979483306 0.153626874 0.130426541 -5.582930565 -0.162902817 0.984586895 0.063649677 -8.298814774 -0.118637972 -0.083590642 0.989412785 -135.560897827
0.979321539 0.151037991 0.134599000 -5.814739227 -0.160760239 0.984884083 0.064495884 -8.435430527 -0.122823052 -0.084800385 0.988798916 -137.520248413
0.977429092 0.158242747 0.139970765 -6.114778519 -0.168153927 0.983809173 0.061997406 -8.529606819 -0.127893910 -0.084134683 0.988212764 -139.177932739
0.977025270 0.156738028 0.144412011 -6.382633209 -0.166738376 0.984180510 0.059891950 -8.606668472 -0.132740140 -0.082594976 0.987703443 -140.860305786
0.976665676 0.153223231 0.150488123 -6.652613640 -0.163917780 0.984563410 0.061366282 -8.783383369 -0.138762385 -0.084602028 0.986705363 -142.843505859
0.977560639 0.143432781 0.154279768 -6.882019043 -0.154910505 0.985782385 0.065082230 -8.922683716 -0.142751321 -0.087521389 0.985881507 -144.801864624
0.977187753 0.138751656 0.160785407 -7.152883530 -0.151441008 0.986020029 0.069498666 -9.049745560 -0.148894563 -0.092262775 0.984539509 -146.560317993
0.976362646 0.137978405 0.166366756 -7.464391708 -0.151671559 0.985763669 0.072564594 -9.228464127 -0.153985962 -0.096082471 0.983390272 -148.535308838
0.975809991 0.135049015 0.171920434 -7.697181702 -0.149620235 0.985912383 0.074769489 -9.429171562 -0.159400910 -0.098683596 0.982269228 -150.500457764
0.974753797 0.138298675 0.175295308 -7.903068542 -0.153336719 0.985300779 0.075300172 -9.665837288 -0.162304744 -0.100278348 0.981631935 -152.605682373
0.972587943 0.147524491 0.179747701 -8.127746582 -0.163096845 0.983747721 0.075100668 -9.923246384 -0.165747181 -0.102358289 0.980841815 -154.729492188
0.971995294 0.148608610 0.182045683 -8.449558258 -0.164585263 0.983433068 0.075966984 -9.984615326 -0.167740360 -0.103801571 0.980351269 -156.305068970
0.969653189 0.159350157 0.185419023 -8.730422974 -0.175670072 0.981580794 0.075094752 -10.212631226 -0.170037359 -0.105388433 0.979785979 -158.385711670
0.967060447 0.170241982 0.189239770 -9.116706848 -0.186937958 0.979575932 0.074061625 -10.341995239 -0.172766313 -0.106998190 0.979133904 -160.003677368
0.966641426 0.168755263 0.192681029 -9.515716553 -0.185836971 0.979775548 0.074192099 -10.371810913 -0.176263869 -0.107524425 0.978452563 -161.522598267
0.965573668 0.168345094 0.198311552 -9.893945694 -0.186320677 0.979573071 0.075638629 -10.479322433 -0.181527272 -0.109984197 0.977216125 -163.238388062
0.963986993 0.170137793 0.204406872 -10.262443542 -0.189173013 0.978891313 0.077365100 -10.669308662 -0.186929390 -0.113247216 0.975823998 -165.225158691
0.963572264 0.168975487 0.207305640 -10.552242279 -0.188674763 0.978847802 0.079112530 -10.880606651 -0.189552575 -0.115343973 0.975072086 -167.184890747
0.966075480 0.152011156 0.208784029 -10.826030731 -0.172252893 0.981604040 0.082355723 -11.100933075 -0.192424238 -0.115525514 0.974487960 -169.136642456
0.964819789 0.155960009 0.211657926 -11.129541397 -0.176874891 0.980671465 0.083657928 -11.362071991 -0.194519594 -0.118151814 0.973756790 -171.266662598
0.966821849 0.142913178 0.211733997 -11.397533417 -0.164251149 0.982593179 0.086788431 -11.567131996 -0.195645183 -0.118686497 0.973466218 -173.239334106
0.967997253 0.133406043 0.212565660 -11.687234879 -0.154973596 0.983974576 0.088188536 -11.710741997 -0.197394326 -0.118308336 0.973159075 -175.175323486
0.966562331 0.140450120 0.214548469 -12.035968781 -0.162726551 0.982568979 0.089878939 -11.941669464 -0.198185191 -0.121786311 0.972569108 -177.200531006
0.965691507 0.141463608 0.217779681 -12.371677399 -0.164381802 0.982199311 0.090902030 -12.145176888 -0.201043740 -0.123582318 0.971755564 -178.999755859
0.963960946 0.147527099 0.221393541 -12.591236115 -0.170902297 0.981138408 0.090330854 -12.273733139 -0.203891486 -0.124912083 0.970991910 -180.714355469
0.965093851 0.134257793 0.224874780 -12.830802917 -0.158329576 0.983034849 0.092597194 -12.434309006 -0.208627850 -0.124969326 0.969977856 -182.423431396
0.966027558 0.119635761 0.229080766 -13.122873306 -0.144530237 0.984918475 0.095113702 -12.605312347 -0.214246884 -0.124991544 0.968749404 -184.288330078
0.967010200 0.111177057 0.229196385 -13.248041153 -0.136419043 0.985855579 0.097357891 -12.806081772 -0.215130582 -0.125412807 0.968499064 -185.800582886
0.969303489 0.094587632 0.226944640 -13.261253357 -0.119824484 0.987735033 0.100107081 -13.041052818 -0.214692309 -0.124227673 0.968748987 -187.551315308
0.969060183 0.094624780 0.227966011 -13.419908524 -0.120371297 0.987496257 0.101793326 -13.065461159 -0.215483412 -0.126084417 0.968333423 -188.908782959
0.970116913 0.087836437 0.226181060 -13.611457825 -0.113841474 0.987976849 0.104602814 -13.286116600 -0.214273751 -0.127225742 0.968452573 -191.139114380
0.971893847 0.068545252 0.225219280 -13.882484436 -0.094084710 0.990044832 0.104686841 -13.508014679 -0.215801388 -0.122934200 0.968667626 -192.944320679
0.972302020 0.058374159 0.226320624 -14.107353210 -0.083845846 0.990972221 0.104614161 -13.692139626 -0.218170673 -0.120692648 0.968418717 -194.681442261
0.972079217 0.052418653 0.228723094 -14.496549606 -0.078294322 0.991325796 0.105561428 -13.902042389 -0.221205711 -0.120521776 0.967751265 -196.489257812
0.970842421 0.058122557 0.232566208 -14.879255295 -0.084735081 0.990736187 0.106121473 -14.100342751 -0.224243745 -0.122733720 0.966773510 -198.174423218
0.971101105 0.041477941 0.235036358 -15.242780685 -0.069571607 0.991210222 0.112526059 -14.334036827 -0.228303090 -0.125626057 0.965451002 -200.133163452
0.969609261 0.041572884 0.241100848 -15.693717957 -0.071211316 0.990745842 0.115549102 -14.588923454 -0.234065995 -0.129206598 0.963596761 -201.981414795
0.968743145 0.034096524 0.245711520 -16.102794647 -0.065276936 0.990638375 0.119893655 -14.845484734 -0.239323288 -0.132185489 0.961899877 -203.830657959
0.969147384 0.017714739 0.245844558 -16.436450958 -0.049799442 0.990917087 0.124912903 -15.097438812 -0.241398767 -0.133301929 0.961227059 -205.729248047
0.968912423 0.008094192 0.247271568 -16.795040131 -0.041418958 0.990665793 0.129868180 -15.333466530 -0.243912280 -0.136072651 0.960203648 -207.548355103
0.967318892 0.017586036 0.252952427 -17.276058197 -0.051889852 0.990208983 0.129590273 -15.578029633 -0.248196796 -0.138480797 0.958760381 -209.231933594
0.966136158 0.018440086 0.257373005 -17.640129089 -0.053889059 0.989867687 0.131369293 -15.895606041 -0.252342761 -0.140790254 0.957340717 -211.048767090
0.964858234 0.023723356 0.261698365 -18.074584961 -0.060524710 0.989202082 0.133476391 -16.296596527 -0.255706102 -0.144625023 0.955875516 -213.366607666
0.964995205 0.016729601 0.261733145 -18.362876892 -0.054704860 0.988852143 0.138487726 -16.659576416 -0.256498516 -0.147958085 0.955152750 -215.363693237
0.964342415 0.020090390 0.263894022 -18.745651245 -0.058781289 0.988468707 0.139550582 -16.875936508 -0.258047372 -0.150086612 0.954403281 -216.725082397
0.963706672 0.020971788 0.266138017 -19.154106140 -0.059623983 0.988636196 0.137998179 -17.086446762 -0.260219634 -0.148857981 0.954005778 -218.270584106
0.963163733 0.021378776 0.268064469 -19.500480652 -0.060162254 0.988698840 0.137313694 -17.338674545 -0.262099475 -0.148382962 0.953565001 -219.749511719
0.962147415 0.038848765 0.269746512 -19.858283997 -0.077740274 0.987787366 0.135027900 -17.573003769 -0.261206448 -0.150886893 0.953417301 -220.977432251
0.961018205 0.052351601 0.271483630 -20.282649994 -0.092153348 0.986414135 0.135995999 -17.849752426 -0.260675699 -0.155712754 0.952786326 -222.510711670
0.960317254 0.055770673 0.273277074 -20.626029968 -0.096870795 0.985502183 0.139289275 -18.086181641 -0.261546880 -0.160234466 0.951797307 -223.800979614
0.962202728 0.036531385 0.269872725 -20.923305511 -0.078074329 0.986369133 0.144845739 -18.452869415 -0.260902703 -0.160441101 0.951939285 -225.583969116
0.961489797 0.037664555 0.272247314 -21.263626099 -0.080144279 0.985937536 0.146642461 -18.676395416 -0.262895584 -0.162814319 0.950987577 -226.862579346
0.962000370 0.022307802 0.272135258 -21.553333282 -0.065189615 0.986599565 0.149571046 -18.964635849 -0.265152037 -0.161627799 0.950563371 -228.616943359
0.964264452 0.033171542 0.262856901 -20.329029083 -0.073347010 0.986776948 0.144538745 -18.857782364 -0.254586577 -0.158653319 0.953946948 -228.291824341
0.964531720 0.032229651 0.261991739 -20.486618042 -0.070753925 0.987765729 0.138970256 -18.565799713 -0.254307479 -0.152578175 0.955011845 -229.242370605
0.964842677 0.028343245 0.261295289 -20.697311401 -0.067052506 0.987815678 0.140443534 -18.850517273 -0.254130900 -0.153026402 0.954987109 -231.262481689
0.964525640 0.023074849 0.262978762 -21.122261047 -0.062955625 0.987536371 0.144251406 -19.036785126 -0.256372571 -0.155690178 0.953956783 -232.592285156
0.964119375 0.019827066 0.264727592 -21.494026184 -0.060836177 0.987170458 0.147625878 -19.186584473 -0.258404285 -0.158433989 0.952956378 -234.146606445
0.963037610 0.022611437 0.268416166 -21.926994324 -0.065487146 0.986227393 0.151878223 -19.553153992 -0.261285186 -0.163842246 0.951254845 -236.025512695
0.961675704 0.039185829 0.271374941 -22.350318909 -0.082787506 0.985039771 0.151138172 -20.007926941 -0.261392653 -0.167812392 0.950532973 -237.935058594
0.962138176 0.014475381 0.272177190 -22.557529449 -0.059435818 0.985699832 0.157680735 -20.296918869 -0.266002506 -0.167887747 0.949239910 -239.636230469
0.960618138 0.008107184 0.277753651 -23.072772980 -0.055125102 0.985267401 0.161893234 -20.603263855 -0.272349119 -0.170828775 0.946912587 -241.322753906
0.958624482 0.004927283 0.284631044 -23.411994934 -0.053894091 0.984909832 0.164463028 -20.878376007 -0.279525489 -0.172998190 0.944424212 -242.660003662
0.955229342 -0.001234253 0.295863718 -23.991386414 -0.051275373 0.984168887 0.169653967 -21.199758530 -0.291389257 -0.177228972 0.940043747 -244.321640015
0.951665938 -0.010835662 0.306943893 -24.582267761 -0.045829244 0.983179331 0.176799536 -21.596332550 -0.303696603 -0.182321087 0.935161829 -246.202056885
0.948039532 -0.029642513 0.316768557 -25.115463257 -0.030678503 0.982493043 0.183755606 -21.894676208 -0.316669881 -0.183925584 0.930532932 -247.882980347
0.944708884 -0.034975305 0.326039433 -25.573604584 -0.027399108 0.982398808 0.184774846 -22.197807312 -0.326763302 -0.183491632 0.927122712 -249.494720459
0.943351269 -0.010561409 0.331627488 -25.531967163 -0.050872304 0.983071208 0.176020041 -22.187005997 -0.327872396 -0.182919368 0.926844299 -250.643447876
0.939722061 -0.014998478 0.341609985 -26.090961456 -0.050397631 0.982051551 0.181754231 -22.508432388 -0.338204712 -0.188014776 0.922099769 -252.354202271
0.935223997 0.001041583 0.354055136 -26.651653290 -0.071292430 0.980067313 0.185433224 -22.951314926 -0.346804678 -0.198663026 0.916656673 -254.036193848
0.929783762 0.016941363 0.367716074 -27.337772369 -0.090113685 0.979020834 0.182750463 -23.167335510 -0.356905639 -0.203054667 0.911804318 -255.169311523
0.927448928 0.002439614 0.373941928 -27.792869568 -0.080072768 0.978080630 0.192214981 -23.646591187 -0.365276456 -0.208212152 0.907315135 -257.053649902
0.926860929 -0.015832599 0.375070840 -28.105926514 -0.065717548 0.976839125 0.203633323 -24.116897583 -0.369607925 -0.213388532 0.904353499 -258.904266357
0.923422635 -0.008860924 0.383682370 -28.391601562 -0.075340599 0.976095200 0.203867406 -24.204008102 -0.376316965 -0.217162639 0.900680780 -258.831756592
0.919689834 -0.048647109 0.389620394 -29.037887573 -0.039904471 0.975577176 0.216001868 -24.619346619 -0.390612692 -0.214202315 0.895287156 -260.782958984
0.919836581 -0.053983986 0.388569981 -29.312858582 -0.034507778 0.975513399 0.217215955 -24.877939224 -0.390781462 -0.213211834 0.895449936 -262.497222900
0.920414567 -0.048838917 0.387881160 -29.507659912 -0.040361557 0.974993229 0.218538538 -25.201623917 -0.388854623 -0.216801539 0.895426810 -264.167663574
0.921647370 -0.048347268 0.385004729 -29.520683289 -0.039620772 0.975295901 0.217320159 -25.372837067 -0.386000454 -0.215546712 0.896963358 -266.002868652
0.922594786 -0.048013199 0.382770956 -29.608047485 -0.039180841 0.975431263 0.216791838 -25.643465042 -0.383775622 -0.215008274 0.898046613 -267.851287842
0.923249662 -0.060233809 0.379449546 -29.620483398 -0.025968106 0.975592375 0.218049228 -25.925148010 -0.383322001 -0.211167485 0.899151027 -269.494049072
0.924256384 -0.053762615 0.377967656 -29.334243774 -0.031887829 0.975703716 0.216761693 -25.825010300 -0.380438000 -0.212395966 0.900085986 -269.849456787
0.924293995 -0.062405650 0.376544952 -29.610321045 -0.023070600 0.975604534 0.218319923 -26.217243195 -0.380983353 -0.210478887 0.900305688 -271.678619385
0.924298465 -0.054730218 0.377725869 -30.208908081 -0.031685382 0.975245774 0.218841687 -26.727327347 -0.380352795 -0.214243442 0.899684072 -273.436889648
0.924112678 -0.057583254 0.377756327 -30.324111938 -0.028896280 0.975218892 0.219346911 -26.767856598 -0.381025761 -0.213617057 0.899548292 -273.713836670
0.923470974 -0.062018152 0.378622621 -28.250015259 -0.024122931 0.975510955 0.218624547 -25.245590210 -0.382909149 -0.211026937 0.899359882 -266.657653809
0.923919141 -0.057543278 0.378235638 -28.737197876 -0.028814360 0.975350678 0.218771130 -25.725353241 -0.381501138 -0.213025436 0.899487078 -268.862792969
0.923853517 -0.061836466 0.377718031 -29.127273560 -0.024459645 0.975307405 0.219493568 -25.992822647 -0.381963849 -0.212018788 0.899528563 -270.265045166
0.923974156 -0.061456371 0.377484977 -29.547927856 -0.025191082 0.975082219 0.220408559 -26.551271439 -0.381624371 -0.213161081 0.899402678 -272.045349121
0.923590302 -0.071359605 0.376681298 -29.892807007 -0.015255663 0.974905789 0.222094566 -26.982152939 -0.383077294 -0.210870907 0.899324894 -273.925445557
0.922924161 -0.083809331 0.375748485 -30.239204407 -0.003238238 0.974291861 0.225266099 -27.422061920 -0.384968132 -0.209120303 0.898926139 -275.790588379
0.922540128 -0.090807550 0.375064969 -30.753242493 0.003981229 0.974107683 0.226050138 -27.771720886 -0.385880679 -0.207047105 0.899014771 -277.633636475
0.922805905 -0.093635745 0.373713374 -30.978698730 0.007170009 0.974021673 0.226341233 -28.000400543 -0.385198504 -0.206189469 0.899504304 -279.536437988
0.922206342 -0.102502979 0.372865438 -31.460578918 0.016161727 0.973602593 0.227676570 -28.400386810 -0.386360377 -0.203938633 0.899519145 -281.619079590
0.923600018 -0.090063706 0.372627854 -31.518875122 0.004155549 0.974306345 0.225188658 -28.416530609 -0.383335054 -0.206435770 0.900243580 -282.931365967
0.923089802 -0.092860013 0.373205334 -32.112495422 0.005993361 0.973767519 0.227466330 -28.956504822 -0.384537756 -0.207735106 0.899431407 -285.066772461
0.922333598 -0.097861350 0.373796552 -32.634788513 0.009962237 0.973097324 0.230178952 -29.449085236 -0.386266023 -0.208577946 0.898495197 -286.877197266
0.922390819 -0.099855512 0.373127341 -33.048805237 0.012221145 0.973066926 0.230198726 -29.937744141 -0.386064470 -0.207773164 0.898768365 -288.705291748
0.921511710 -0.105437264 0.373763531 -33.503967285 0.017560737 0.972767234 0.231118023 -30.427066803 -0.387953311 -0.206414431 0.898267925 -290.565338135
0.920981646 -0.115152150 0.372199923 -33.801063538 0.026539981 0.971647561 0.234939516 -30.897392273 -0.388700932 -0.206496790 0.897925675 -292.437347412
0.921754420 -0.106993049 0.372721344 -34.021125793 0.016809091 0.971302748 0.237251729 -31.236606598 -0.387409657 -0.212422669 0.897101045 -294.125183105
0.922888637 -0.107280731 0.369820803 -34.107086182 0.016396355 0.970483661 0.240608931 -31.717498779 -0.384717673 -0.215991542 0.897407293 -295.723632812
0.923978984 -0.102143966 0.368550569 -34.253997803 0.011581445 0.970704794 0.239995986 -31.945606232 -0.382267892 -0.217482835 0.898093760 -297.384552002
0.922678769 -0.108281009 0.370052814 -33.307342529 0.017548239 0.970555007 0.240239441 -31.103477478 -0.385170013 -0.215170071 0.897410631 -293.413269043
0.922490418 -0.107753046 0.370675951 -33.668945312 0.016366145 0.970304787 0.241331235 -31.418678284 -0.385672837 -0.216559246 0.896860421 -295.051147461
0.923972070 -0.089874543 0.371750146 -34.073966980 -0.001786204 0.970972955 0.239182621 -31.505348206 -0.382455766 -0.221662030 0.896991372 -296.776092529
0.923837721 -0.089559644 0.372159809 -34.329376221 -0.002008425 0.971096516 0.238678381 -31.754276276 -0.382779062 -0.221247554 0.896955788 -298.478729248
0.923652232 -0.099250428 0.370156854 -34.524940491 0.008550066 0.970978379 0.239014223 -31.984683990 -0.383136630 -0.217601120 0.897694826 -300.804718018
0.923972130 -0.101049826 0.368868947 -34.719696045 0.009959440 0.970495105 0.240915164 -32.306526184 -0.382329911 -0.218925193 0.897716880 -302.356872559
0.923449695 -0.111192495 0.367255867 -34.917274475 0.020668009 0.970118642 0.241749734 -32.470703125 -0.383162469 -0.215653270 0.898153782 -303.966613770
0.922326922 -0.124630585 0.365759790 -35.335586548 0.034408133 0.969287097 0.243513063 -32.822273254 -0.384875447 -0.212013513 0.898287833 -305.864990234
0.921986938 -0.118478291 0.368650526 -35.650444031 0.025314094 0.968446314 0.247933030 -33.317123413 -0.386393011 -0.219258890 0.895893991 -306.943420410
0.921087623 -0.122744776 0.369501412 -36.159866333 0.028221378 0.967559040 0.251063854 -33.751808167 -0.388331205 -0.220823973 0.894670665 -308.800201416
0.921209693 -0.134518638 0.365071744 -36.406593323 0.040998876 0.966666698 0.252734214 -34.255065918 -0.386900187 -0.217853665 0.896017849 -311.323242188
0.921154559 -0.134305194 0.365289330 -36.836235046 0.040830992 0.966741264 0.252475828 -34.583465576 -0.387049139 -0.217654124 0.896002054 -313.210968018
0.920124412 -0.146828055 0.363059938 -37.149452209 0.053929232 0.965730369 0.253882825 -34.875820160 -0.387895197 -0.214024261 0.896510422 -315.104431152
0.919456422 -0.157477215 0.360278815 -37.408020020 0.065314949 0.964733779 0.254995227 -35.202049255 -0.387729049 -0.210925400 0.897316337 -316.981628418
0.918664813 -0.164392710 0.359207422 -37.522270203 0.072230883 0.963870645 0.256390393 -35.403358459 -0.388378233 -0.209590942 0.897348285 -318.332366943
0.918513119 -0.164562851 0.359517395 -37.814559937 0.071852930 0.963603318 0.257499158 -35.694076538 -0.388806880 -0.210683987 0.896906614 -320.060150146
0.918148279 -0.161017537 0.362045646 -38.337425232 0.067108199 0.963700652 0.258413374 -35.947307587 -0.390512735 -0.212965548 0.895625710 -321.958374023
0.917498052 -0.155906409 0.365910500 -38.797737122 0.059580673 0.963466585 0.261117131 -36.369411469 -0.393252343 -0.217773259 0.893267810 -323.076873779
0.914691329 -0.170536876 0.366410941 -39.071922302 0.073997907 0.961955607 0.262993485 -36.520633698 -0.397321135 -0.213444233 0.892511904 -324.496490479
0.911341250 -0.187057287 0.366697043 -39.469337463 0.089032233 0.959276497 0.268071145 -37.034118652 -0.401908427 -0.211656451 0.890882373 -326.748077393
0.910223126 -0.186694369 0.369647235 -39.864608765 0.086613730 0.958696723 0.270921737 -37.446701050 -0.404959112 -0.214582652 0.888798296 -328.006439209
0.909274697 -0.185637936 0.372502446 -40.442878723 0.084770136 0.958859682 0.270928174 -37.604732513 -0.407472134 -0.214771077 0.887603462 -329.324462891
0.908031344 -0.192684636 0.371956617 -40.804946899 0.093263179 0.958635211 0.268924832 -37.838226318 -0.408388376 -0.209502310 0.888441145 -330.937103271
0.907002211 -0.195144594 0.373183072 -41.282478333 0.096129850 0.958699405 0.267683625 -38.287471771 -0.410007387 -0.206915662 0.888301671 -332.748565674
0.905926585 -0.203646377 0.371248096 -41.415969849 0.104933441 0.957377553 0.269104332 -38.632621765 -0.410226792 -0.204832420 0.888683140 -334.554382324
0.903227270 -0.216782838 0.370385766 -41.744606018 0.118503757 0.955471516 0.270242512 -38.826560974 -0.412477046 -0.200198308 0.888697565 -336.065124512
0.904448211 -0.212042376 0.370150566 -42.106384277 0.114310995 0.956447542 0.268590838 -38.938896179 -0.410982251 -0.200614184 0.889296114 -337.117218018
0.903426945 -0.214844748 0.371027619 -42.384284973 0.117425732 0.956287086 0.267817467 -38.996883392 -0.412348062 -0.198385343 0.889163852 -338.209350586
0.902667642 -0.216749400 0.371767163 -42.180366516 0.118204653 0.955548346 0.270101845 -38.880657196 -0.413785845 -0.199867591 0.888163388 -337.485473633
0.901882589 -0.213973433 0.375264227 -42.404121399 0.114239030 0.955916762 0.270504236 -38.914455414 -0.416602045 -0.201093286 0.886568785 -338.004333496
0.900858521 -0.215799302 0.376675695 -42.766815186 0.113524303 0.954605162 0.275392860 -39.213615417 -0.419006199 -0.205328152 0.884462595 -339.273712158
0.899746776 -0.212539420 0.381159753 -43.502319336 0.105612032 0.953475177 0.282367140 -40.096916199 -0.423440546 -0.213803858 0.880332887 -341.696289062
0.896946728 -0.216913193 0.385273010 -43.823257446 0.105628155 0.951279938 0.289670825 -40.768962860 -0.429335862 -0.219123587 0.876159489 -343.451568604
0.893853068 -0.219144881 0.391154796 -44.388336182 0.104002804 0.949959219 0.294552028 -41.376918793 -0.436130702 -0.222605079 0.871915638 -345.144714355
0.892727554 -0.212620199 0.397278428 -44.740127563 0.095222980 0.950779855 0.294873357 -41.526481628 -0.440420330 -0.225411534 0.869033694 -345.708038330
0.893305004 -0.219182417 0.392384052 -42.865097046 0.104859971 0.950573564 0.292257160 -40.194839478 -0.437047541 -0.219929457 0.872135580 -341.171539307
0.891011775 -0.213094860 0.400859684 -43.451461792 0.095710486 0.951317608 0.292974621 -40.602180481 -0.443776280 -0.222677425 0.868030727 -342.171447754
0.888963223 -0.218464524 0.402514130 -43.828132629 0.100174263 0.950364172 0.294572562 -40.809734344 -0.446888685 -0.221542642 0.866723359 -343.470245361
0.889830828 -0.211674869 0.404221267 -43.997924805 0.092158407 0.951002121 0.295130134 -41.060096741 -0.446886927 -0.225363463 0.865738571 -345.012237549
0.889775813 -0.207218289 0.406644195 -44.384017944 0.085760906 0.951026976 0.296972632 -41.161823273 -0.448267728 -0.229364902 0.863972068 -346.647705078
0.883266091 -0.242210105 0.401466459 -44.798156738 0.114543796 0.941762269 0.316170096 -41.782047272 -0.454665571 -0.233276844 0.859570324 -348.338531494
0.879921317 -0.256414801 0.399987370 -45.249938965 0.124481499 0.936877608 0.326748729 -42.431732178 -0.458522409 -0.237722129 0.856297493 -350.068328857
0.879982948 -0.257300735 0.399282277 -44.590339661 0.125611901 0.936712980 0.326787978 -41.919891357 -0.458095700 -0.237413213 0.856611490 -348.674102783
0.875093162 -0.274374634 0.398660839 -44.842201233 0.138577729 0.931327105 0.336787790 -42.523506165 -0.463689625 -0.239475191 0.853020251 -350.399841309
0.874001861 -0.258414328 0.411512852 -45.577598572 0.117373087 0.934062421 0.337269783 -42.972549438 -0.471534044 -0.246473864 0.846703172 -352.110168457
0.870711744 -0.257092208 0.419242889 -46.018753052 0.113304786 0.934412658 0.337690651 -43.258506775 -0.478563488 -0.246528983 0.842733920 -353.685852051
0.866160929 -0.260381013 0.426575869 -46.044586182 0.114592679 0.934286237 0.337606192 -42.906776428 -0.486450166 -0.243538857 0.839079916 -353.113433838
0.869528055 -0.257096887 0.421689689 -44.822082520 0.112237953 0.934349597 0.338221073 -42.348640442 -0.480961174 -0.246763095 0.841299176 -351.055267334
0.862862110 -0.262088656 0.432178617 -45.177108765 0.112252712 0.933070123 0.341730118 -42.652618408 -0.492816567 -0.246352762 0.834531009 -352.476501465
0.853601754 -0.296841979 0.428075880 -45.519470215 0.141012877 0.922748566 0.358678728 -43.383422852 -0.501477301 -0.245804578 0.829518318 -354.603027344
0.847752154 -0.308618218 0.431359380 -46.072883606 0.146519274 0.917902887 0.368763268 -44.038497925 -0.509753048 -0.249417409 0.823372781 -356.481353760
0.847589314 -0.308836073 0.431523532 -45.367729187 0.147532478 0.918278933 0.367420673 -43.467140198 -0.509731650 -0.247758120 0.823886812 -355.137145996
0.848444045 -0.316361636 0.424332410 -44.732543945 0.158979207 0.917012870 0.365804523 -43.248764038 -0.504844904 -0.242904603 0.828329027 -356.186340332
0.849340498 -0.304473400 0.431180507 -44.062759399 0.143505231 0.919295192 0.366473287 -42.584800720 -0.507963538 -0.249383911 0.824488163 -353.039062500
0.849584162 -0.308203101 0.428039223 -44.323867798 0.150016546 0.919199228 0.364098489 -42.907737732 -0.505669653 -0.245119348 0.827172756 -354.959472656
0.848022282 -0.312453210 0.428055108 -44.016868591 0.155645341 0.918930173 0.362411112 -42.283798218 -0.506589293 -0.240707889 0.827905178 -354.156127930
0.850531042 -0.306951642 0.427056819 -44.398086548 0.147974715 0.918876767 0.365744323 -42.587890625 -0.504678369 -0.247883305 0.826954365 -355.677612305
0.853781402 -0.302800447 0.423519969 -44.387908936 0.144026309 0.919094563 0.366771907 -42.594398499 -0.500313580 -0.252145022 0.828317106 -356.981353760
0.856456816 -0.299305618 0.420592368 -44.621559143 0.141676560 0.919756413 0.366027445 -42.948593140 -0.496396542 -0.253898650 0.830136120 -358.792053223
0.855822980 -0.300279826 0.421187609 -44.048980713 0.145682082 0.921213984 0.360751182 -42.000419617 -0.496330231 -0.247379631 0.832141519 -357.326934814
0.860668719 -0.289066255 0.419153988 -43.139648438 0.131209031 0.921330392 0.365970612 -41.986343384 -0.491969019 -0.259982675 0.830888331 -355.772125244
0.863391757 -0.281793624 0.418505728 -43.051116943 0.124896578 0.923045635 0.363850921 -41.930068970 -0.488830715 -0.261875927 0.832145095 -356.591369629
0.863092482 -0.284901947 0.417015910 -42.512702942 0.128883347 0.922608137 0.363570303 -41.513504028 -0.488324136 -0.260048389 0.833015203 -355.815887451
0.867139399 -0.270712197 0.418071955 -42.792839050 0.114421003 0.925216615 0.361776203 -41.790710449 -0.484744370 -0.265874207 0.833266973 -357.114746094
0.864305198 -0.280621678 0.417406201 -42.866561890 0.125150666 0.923774660 0.361908346 -41.628211975 -0.487148583 -0.260560602 0.833543301 -357.621551514
0.866812646 -0.274061382 0.416564614 -43.308570862 0.119262367 0.925114214 0.360472143 -42.296646118 -0.484161288 -0.262781352 0.834585965 -359.944702148
0.867700279 -0.272133082 0.415980607 -43.651382446 0.117564417 0.925440967 0.360191047 -42.752418518 -0.482985348 -0.263633281 0.834998548 -361.695892334
0.867965102 -0.274426162 0.413916498 -44.090164185 0.120730571 0.925052524 0.360141814 -43.405799866 -0.481726736 -0.262618184 0.836044848 -363.858306885
0.867558718 -0.276757330 0.413215727 -44.436676025 0.124339834 0.925175369 0.358594686 -43.462623596 -0.481540740 -0.259722769 0.837055922 -365.339324951
0.869776547 -0.270612568 0.412622839 -44.772842407 0.118093401 0.926063597 0.358413368 -44.141128540 -0.479106098 -0.263011515 0.837426007 -367.269378662
0.869702220 -0.269277841 0.413651496 -45.132736206 0.116931722 0.926618397 0.357358843 -44.421356201 -0.479525834 -0.262426794 0.837369144 -368.970886230
0.873203993 -0.262089074 0.410882145 -44.882781982 0.110885963 0.927817583 0.356172234 -44.271949768 -0.474572599 -0.265449971 0.839236081 -370.133514404
0.870719612 -0.268835992 0.411794305 -45.439704895 0.116553791 0.926308572 0.358284295 -44.888938904 -0.477768332 -0.263968945 0.837888837 -372.330474854
0.872183323 -0.261220783 0.413593799 -45.706047058 0.107772119 0.927320600 0.358415425 -45.190406799 -0.477159530 -0.268030137 0.836945951 -374.039611816
0.872013032 -0.261653364 0.413679570 -45.939102173 0.107947543 0.927127123 0.358862936 -45.387039185 -0.477431238 -0.268277466 0.836711764 -375.526031494
0.872322857 -0.262566805 0.412445724 -46.388572693 0.108552836 0.926521182 0.360242724 -45.886650085 -0.476727515 -0.269475818 0.836727977 -377.360595703
0.875020504 -0.250932425 0.413971096 -47.064826965 0.095900260 0.928068280 0.359850556 -46.499725342 -0.474491596 -0.275176674 0.836143255 -379.400329590
0.874823570 -0.250331432 0.414750487 -47.788421631 0.095283061 0.928331316 0.359335691 -47.116600037 -0.474978805 -0.274836600 0.835978448 -381.429412842
0.876787841 -0.246978402 0.412607253 -47.625526428 0.093689695 0.929323256 0.357184142 -47.180213928 -0.471662372 -0.274517715 0.837958574 -382.942016602
0.878704190 -0.239548057 0.412911057 -47.966239929 0.086169131 0.930362761 0.356370598 -47.523345947 -0.469525039 -0.277564168 0.838155329 -384.563537598
