1.000000000 0.000000000 0.000000000 0.000000000 0.000000000 1.000000000 0.000000000 0.000000000 0.000000000 0.000000000 1.000000000 0.000000000
1.000000000 -0.000053413 0.000115862 -0.014527559 0.000053245 0.999998927 0.001443861 -0.012623026 -0.000115939 -0.001443855 0.999998927 1.315648913
0.999989212 0.004329194 0.001642799 -0.057226989 -0.004332480 0.999988556 0.002000927 -0.025634443 -0.001634118 -0.002008023 0.999996603 -0.500337958
0.999989390 0.004301791 0.001650045 -0.055634763 -0.004304378 0.999989510 0.001567623 -0.046376687 -0.001643285 -0.001574709 0.999997437 -0.821199358
0.999980569 0.005599752 0.002740798 -0.082461439 -0.005605257 0.999982297 0.002004555 -0.047261156 -0.002729524 -0.002019879 0.999994218 -0.895263374
0.999986410 0.004251997 0.003053774 -0.090848774 -0.004262267 0.999985278 0.003364060 -0.049252801 -0.003039426 -0.003377030 0.999989688 -0.962832570
0.999997199 0.000343990 0.002354028 -0.061228499 -0.000354788 0.999989390 0.004587991 -0.042697746 -0.002352425 -0.004588813 0.999986708 -0.988657832
0.999997437 -0.000819289 0.002090424 -0.067508265 0.000806982 0.999982357 0.005881554 -0.047835577 -0.002095206 -0.005879853 0.999980509 -1.051121712
0.999998987 -0.000473552 0.001322921 -0.019939182 0.000467492 0.999989390 0.004577474 -0.048138246 -0.001325074 -0.004576850 0.999988675 -1.090492368
0.999976397 0.006452614 0.002360651 -0.085479081 -0.006460134 0.999974012 0.003192004 -0.057452600 -0.002339993 -0.003207179 0.999992132 -1.200278997
0.999998868 0.001223947 0.000880258 0.034521438 -0.001227120 0.999992669 0.003613206 -0.051854812 -0.000875829 -0.003614281 0.999993026 -1.016527295
0.999994397 0.002758234 0.001884394 -0.051421680 -0.002764759 0.999990165 0.003469411 -0.045633148 -0.001874805 -0.003474602 0.999992192 -0.983774006
0.999918699 0.012424905 0.002871811 -0.082516268 -0.012438449 0.999911308 0.004747762 -0.079875812 -0.002812565 -0.004783097 0.999984562 -1.098599195
0.999996305 0.000416363 0.002673813 -0.018999280 -0.000435628 0.999973893 0.007208039 -0.018411372 -0.002670742 -0.007209177 0.999970376 -0.960854232
0.999985278 -0.004418262 0.003159553 -0.041636143 0.004383063 0.999929130 0.011062060 -0.069441780 -0.003208204 -0.011048050 0.999933839 -1.030294299
0.999835610 -0.017824240 0.003305837 -0.146258131 0.017791446 0.999794722 0.009696906 -0.153852418 -0.003477998 -0.009636498 0.999947548 -1.131184459
0.999256909 -0.038501773 0.001798097 -0.125967786 0.038483355 0.999215484 0.009348955 -0.193688229 -0.002156638 -0.009272812 0.999954641 -1.273304462
0.998848498 -0.047962666 0.001106597 -0.072434321 0.047951564 0.998813450 0.008501844 -0.195521191 -0.001513055 -0.008438990 0.999963224 -1.066164017
0.999102056 -0.042325154 0.001908704 -0.097764283 0.042299055 0.999031723 0.012100942 -0.236103356 -0.002419031 -0.012009341 0.999924898 -0.932935476
0.999173760 -0.040535960 0.002918661 -0.040030356 0.040486667 0.999062479 0.015326345 -0.043556008 -0.003537193 -0.015195517 0.999878287 -0.852811456
0.999709308 -0.023347676 0.006016769 -0.124714479 0.023244470 0.999590516 0.016686516 -0.095140859 -0.006403896 -0.016541807 0.999842644 -0.896561563
0.999179661 -0.040320352 0.003775817 -0.020380508 0.040257175 0.999068618 0.015532886 -0.079618454 -0.004398591 -0.015368139 0.999872148 -1.069061875
0.998889804 -0.046829607 0.005099238 -0.031451423 0.046762753 0.998827517 0.012524154 -0.047372166 -0.005679760 -0.012271796 0.999908566 -0.910590231
0.998974919 -0.045022406 0.004686340 -0.002600605 0.044972725 0.998935997 0.010215136 -0.068593763 -0.005141262 -0.009993907 0.999936759 -1.036611557
0.999318659 -0.036573369 0.004949132 -0.017572243 0.036523081 0.999283731 0.009897638 -0.065526836 -0.005307577 -0.009710136 0.999938786 -1.012791276
0.999633670 -0.026794359 0.003817335 -0.044184010 0.026765488 0.999614179 0.007423278 -0.110417917 -0.004014764 -0.007318387 0.999965072 -1.139613509
0.999670506 -0.025670420 -0.000374839 0.053791285 0.025672458 0.999644399 0.007203301 -0.106591970 0.000189795 -0.007210549 0.999973953 -1.035826921
0.999751031 -0.019671036 0.010527112 -0.164643973 0.019577833 0.999768853 0.008884486 -0.127362370 -0.010699446 -0.008676176 0.999905109 -0.889867902
0.999673247 -0.023446474 0.010190514 -0.143885091 0.023340553 0.999673545 0.010391804 -0.108390987 -0.010430840 -0.010150554 0.999894083 -1.032720923
0.999618351 -0.025793863 0.009888660 -0.098940149 0.025679162 0.999603450 0.011555647 -0.121992759 -0.010182804 -0.011297306 0.999884248 -0.628850639
0.999640167 -0.024941100 0.009875916 -0.113773234 0.024818566 0.999615788 0.012341858 -0.144717440 -0.010179940 -0.012092310 0.999875009 -1.073995948
0.999685585 -0.024070093 0.007022340 -0.055512067 0.024016181 0.999682128 0.007663274 -0.068654053 -0.007204564 -0.007492215 0.999945998 -0.981787205
0.999564290 -0.029287534 0.003672279 0.018811937 0.029273296 0.999563873 0.003873053 0.015844628 -0.003784110 -0.003763866 0.999985754 -0.987401605
0.999810278 -0.018075176 0.007259083 -0.074333742 0.017989432 0.999769747 0.011708236 -0.144591555 -0.007469039 -0.011575429 0.999905050 -1.003867984
0.999565661 -0.028819809 0.006158454 -0.055150107 0.028798547 0.999579072 0.003513650 0.016223188 -0.006257125 -0.003334770 0.999974847 -1.191109538
0.999726057 -0.022771835 0.005408902 -0.034044202 0.022737794 0.999721766 0.006273355 -0.067125440 -0.005550253 -0.006148649 0.999965668 -0.935867548
0.999735355 -0.021910872 0.007011147 -0.092243597 0.021854259 0.999728680 0.008052238 -0.073424198 -0.007185679 -0.007896883 0.999943018 -1.036927581
0.999635398 -0.026946476 0.001725793 0.011457200 0.026935002 0.999616921 0.006357539 -0.028449025 -0.001896444 -0.006308737 0.999978304 -0.803037584
0.999697089 -0.024337677 0.003665581 -0.039154500 0.024310006 0.999676943 0.007412378 -0.067450263 -0.003844796 -0.007321023 0.999965727 -1.135661840
0.999675572 -0.025246376 0.003377620 -0.048297506 0.025219193 0.999650955 0.007861638 -0.055888172 -0.003574919 -0.007773906 0.999963403 -1.097271562
0.999786556 -0.020660730 -0.000029177 0.012750647 0.020660685 0.999778867 0.003925834 0.025385197 -0.000051940 -0.003925599 0.999992251 -1.111836314
0.999931812 -0.010496056 0.005112644 -0.100779817 0.010438060 0.999882281 0.011241096 -0.135553718 -0.005230030 -0.011186963 0.999923766 -1.145202041
0.999975741 -0.004550966 0.005271261 -0.086717673 0.004509694 0.999959290 0.007815119 -0.054368854 -0.005306614 -0.007791159 0.999955535 -1.136897564
0.999997199 0.002336506 -0.000398040 0.009139469 -0.002332626 0.999952316 0.009482044 -0.077456266 0.000420176 -0.009481088 0.999954939 -1.005976796
0.999998331 -0.001270452 0.001313047 -0.008491240 0.001264191 0.999987841 0.004759299 0.014583087 -0.001319078 -0.004757631 0.999987841 -0.865458965
0.999990940 0.004093040 -0.001179590 0.033945881 -0.004079369 0.999927044 0.011367058 -0.097406916 0.001226030 -0.011362144 0.999934614 -0.904939473
0.999994993 -0.002993055 0.001029518 0.013994743 0.002982205 0.999941647 0.010382913 -0.085428260 -0.001060535 -0.010379792 0.999945521 -0.854116797
0.999983430 -0.005727198 -0.000442114 0.023542803 0.005730626 0.999949992 0.008188694 -0.060120914 0.000395194 -0.008191091 0.999966383 -0.981675744
0.999956906 -0.007387919 0.005626751 -0.056075297 0.007337713 0.999933541 0.008891974 -0.080477253 -0.005692070 -0.008850304 0.999944627 -0.933482587
0.999955952 -0.007642813 0.005443301 -0.043846939 0.007612605 0.999955654 0.005548948 -0.030690482 -0.005485469 -0.005507266 0.999969780 -1.057559609
0.999945998 -0.004865580 0.009176468 -0.120297268 0.004788137 0.999952853 0.008442487 -0.059474438 -0.009217114 -0.008398092 0.999922216 -0.952083409
0.999906003 -0.004369637 0.012993576 -0.170773953 0.004303091 0.999977529 0.005145096 0.025631312 -0.013015767 -0.005088701 0.999902308 -0.727286756
0.999939620 -0.007203570 0.008292431 -0.045467168 0.007158085 0.999959171 0.005501969 0.012459037 -0.008331726 -0.005442278 0.999950469 -0.809759498
0.999911308 -0.000853007 0.013291143 -0.144187659 0.000814205 0.999995410 0.002924643 0.079853982 -0.013293576 -0.002913562 0.999907374 -1.140755773
0.999975562 0.002715382 0.006445261 0.016420733 -0.002775367 0.999952734 0.009316199 -0.066785254 -0.006419660 -0.009333859 0.999935806 -0.557214797
0.999911666 0.004783050 0.012394793 -0.071062230 -0.004857949 0.999970078 0.006019717 -0.013044508 -0.012365629 -0.006079399 0.999905050 -1.015258670
0.999957383 -0.000040213 0.009230501 0.003747895 -0.000030123 0.999970973 0.007619612 -0.024118502 -0.009230540 -0.007619565 0.999928355 -0.961148620
0.999929428 0.000390687 0.011873068 -0.042472437 -0.000472771 0.999975979 0.006911438 -0.027388334 -0.011870085 -0.006916564 0.999905646 -0.992962122
0.999912500 -0.000686419 0.013205330 -0.054523677 0.000610627 0.999983311 0.005742666 -0.012491989 -0.013209052 -0.005734100 0.999896288 -1.121553421
0.999932408 -0.003633594 0.011043556 -0.008282795 0.003560016 0.999971390 0.006674878 -0.025109001 -0.011067493 -0.006635114 0.999916673 -0.913256347
0.999934793 -0.000066552 0.011414411 -0.020972345 -0.000011350 0.999976695 0.006824688 -0.042556688 -0.011414599 -0.006824372 0.999911547 -0.892828226
0.999923885 -0.000395564 0.012341010 -0.043488771 0.000337081 0.999988735 0.004740654 -0.003852946 -0.012342748 -0.004736133 0.999912620 -0.994369090
0.999925315 -0.001039465 0.012176060 -0.053117640 0.000977446 0.999986529 0.005098455 -0.011755687 -0.012181197 -0.005086173 0.999912858 -0.937258363
0.999923766 -0.002183972 0.012150971 -0.068995111 0.002093541 0.999970078 0.007450037 -0.017166354 -0.012166878 -0.007424030 0.999898434 -0.753438294
0.999888241 -0.000098183 0.014948306 -0.148970962 -0.000051019 0.999950111 0.009980438 -0.060328167 -0.014948539 -0.009980086 0.999838591 -0.746262491
0.999917388 -0.000356879 0.012846494 -0.128656313 0.000183366 0.999908805 0.013505298 -0.117685355 -0.012850140 -0.013501827 0.999826252 -0.677036762
0.999899745 -0.002977822 0.013844690 -0.151770383 0.002795793 0.999909580 0.013148752 -0.120081022 -0.013882594 -0.013108724 0.999817729 -0.676989019
0.999899149 -0.003773196 0.013685591 -0.144766077 0.003597522 0.999911129 0.012838448 -0.124339171 -0.013732816 -0.012787922 0.999823868 -1.009148955
0.999895215 -0.007784924 0.012203093 -0.116135858 0.007606585 0.999864578 0.014593080 -0.163699329 -0.012315046 -0.014498726 0.999819040 -0.660358369
0.999769807 -0.011182208 0.018311754 -0.249795571 0.011056755 0.999914765 0.006937952 0.009863236 -0.018387781 -0.006733886 0.999808192 -0.597768188
0.999809027 -0.011247730 0.015982995 -0.193988234 0.011139215 0.999914408 0.006862294 0.005714619 -0.016058816 -0.006682945 0.999848723 -0.607547462
0.999906600 -0.008799136 0.010458086 -0.096246153 0.008669876 0.999886215 0.012341489 -0.122971453 -0.010565490 -0.012249665 0.999869168 -0.482276171
0.999958634 -0.006597851 0.006283928 0.003331400 0.006538984 0.999934971 0.009342972 -0.067342088 -0.006345164 -0.009301495 0.999936581 -0.880544543
0.999945521 0.004023014 0.009631616 -0.072991028 -0.004193884 0.999832988 0.017786507 -0.230943084 -0.009558452 -0.017825931 0.999795437 -0.980031550
0.999908149 -0.005595807 0.012346126 -0.109375246 0.005390380 0.999847531 0.016610082 -0.151630819 -0.012437188 -0.016542003 0.999785960 -1.009070516
0.999921501 -0.009915948 0.007651814 -0.019329630 0.009826927 0.999884486 0.011585061 -0.073146798 -0.007765808 -0.011508960 0.999903560 -0.808002889
0.999843955 -0.014462332 0.010154348 -0.054073498 0.014386137 0.999868095 0.007537479 -0.042040318 -0.010262019 -0.007390220 0.999920011 -0.932929575
0.999777496 -0.018219771 0.010630792 -0.067400187 0.018148767 0.999812603 0.006737877 -0.039346427 -0.010751562 -0.006543442 0.999920785 -0.972555876
0.999793172 -0.019289158 0.006443419 0.000941871 0.019239765 0.999785721 0.007641899 -0.035759665 -0.006589444 -0.007516350 0.999950051 -0.833459020
0.999657154 -0.018648846 0.018379739 -0.233789489 0.018511813 0.999799907 0.007597694 0.001728162 -0.018517742 -0.007254847 0.999802351 -0.929277062
0.999743223 -0.021322602 0.007671924 0.001904844 0.021227440 0.999699295 0.012278206 -0.076877326 -0.007931423 -0.012112198 0.999895155 -0.926827431
0.999583185 -0.026025489 0.012496578 -0.094503298 0.025908576 0.999619842 0.009428089 -0.028195340 -0.012737196 -0.009100390 0.999877453 -0.991047859
0.999664068 -0.025736645 0.003061573 0.112722382 0.025705466 0.999621332 0.009820983 -0.066486426 -0.003313172 -0.009738985 0.999947071 -0.796860754
0.999844730 -0.016040949 0.007290243 -0.041889418 0.015997810 0.999854386 0.005937674 -0.060789619 -0.007384427 -0.005820126 0.999955714 -1.006605983
0.999762297 -0.020004967 0.008669265 -0.015910517 0.019901952 0.999732137 0.011810811 -0.089764729 -0.008903218 -0.011635469 0.999892652 -0.904626966
0.999850094 -0.010564522 0.013717631 -0.052293207 0.010498488 0.999933004 0.004876771 -0.045760576 -0.013768232 -0.004732025 0.999894023 -1.139144659
0.999854207 -0.010317869 0.013600610 -0.028852973 0.010222041 0.999922514 0.007096641 -0.051084299 -0.013672778 -0.006956581 0.999882340 -1.006881595
0.999863088 -0.008882854 0.013958566 0.005405246 0.008798610 0.999942780 0.006085086 -0.044122480 -0.014011820 -0.005961436 0.999884069 -1.060873032
0.999864459 -0.005436555 0.015538150 -0.026649944 0.005330274 0.999962091 0.006873231 -0.085602127 -0.015574927 -0.006789477 0.999855578 -0.955947995
0.999570191 0.015682621 0.024766665 -0.132382631 -0.015724448 0.999875247 0.001494900 -0.113934152 -0.024740135 -0.001883699 0.999692082 -0.957809389
0.999162316 0.029057495 0.028815413 -0.080356203 -0.029053211 0.999577701 -0.000567564 -0.217444062 -0.028819738 -0.000270092 0.999584615 -0.845124900
0.999125302 0.024232019 0.034080189 0.073243730 -0.024369705 0.999696434 0.003630349 -0.305803329 -0.033981875 -0.004457697 0.999412477 -1.347127795
0.998370886 0.036687359 0.043698560 -0.187065974 -0.036686968 0.999326587 -0.000811297 -0.297414303 -0.043698896 -0.000793193 0.999044418 -1.194545627
0.997363567 0.053071741 0.049490873 -0.289273590 -0.052667763 0.998567522 -0.009432398 -0.152642980 -0.049920574 0.006800952 0.998730063 -0.451296657
0.997104168 0.052475363 0.055042196 -0.074063599 -0.052200370 0.998615980 -0.006422897 -0.275193363 -0.055303060 0.003531074 0.998463392 -0.934789360
0.996817231 0.050147604 0.061972454 -0.158172637 -0.049763627 0.998731136 -0.007724901 0.017257724 -0.062281217 0.004616339 0.998047888 -0.829331577
0.996343791 0.052419785 0.067461640 -0.163386583 -0.052052747 0.998618364 -0.007188137 -0.053961679 -0.067745239 0.003650291 0.997695982 -0.728976786
0.996497571 0.042511124 0.072009295 -0.093409628 -0.042372342 0.999095857 -0.003454501 -0.017126342 -0.072091058 0.000391199 0.997397959 -1.013570905
0.996166706 0.042594869 0.076403409 -0.198903784 -0.042543285 0.999091923 -0.002303396 -0.067825921 -0.076432139 -0.000955885 0.997074306 -0.383105099
0.995858371 0.040773205 0.081262425 -0.159920663 -0.040744867 0.999167562 -0.002007570 -0.019796293 -0.081276640 -0.001311771 0.996690691 -0.839759886
0.995415390 0.044043366 0.084901966 -0.111823119 -0.044095758 0.999026537 -0.001259024 -0.175564200 -0.084874772 -0.002490565 0.996388495 -0.714408994
0.995124221 0.043647304 0.088445924 -0.083328590 -0.043892477 0.999035895 0.000828159 -0.271404266 -0.088324510 -0.004706232 0.996080637 -0.350312829
0.994191945 0.047553476 0.096544705 -0.148328841 -0.047469031 0.998867691 -0.003172581 -0.064180180 -0.096586257 -0.001428729 0.995323598 -0.774337709
0.993781567 0.046876945 0.100998595 -0.131181538 -0.046929933 0.998896420 -0.001852721 -0.139706627 -0.100973979 -0.002898657 0.994884849 -0.676215529
0.992177486 0.062844686 0.107862532 -0.266495436 -0.062052015 0.998015642 -0.010692743 -0.026979357 -0.108320482 0.003916011 0.994108260 -0.324271053
0.991088033 0.066081733 0.115661323 -0.136330366 -0.065159857 0.997805834 -0.011737444 0.034022886 -0.116183177 0.004096366 0.993219316 -1.082984805
0.990697563 0.065192655 0.119449683 -0.056711525 -0.064349398 0.997867823 -0.010907191 -0.150104582 -0.119906075 0.003119212 0.992780268 -0.834863722
0.990433931 0.057424929 0.125472233 -0.055326086 -0.056520905 0.998343468 -0.010756080 -0.052346818 -0.125882074 0.003561381 0.992038846 -0.863730848
0.990563929 0.045131713 0.129407227 -0.056953646 -0.045141432 0.998976529 -0.002859567 -0.138648465 -0.129403844 -0.003009044 0.991587400 -0.861333489
0.990160286 0.040430225 0.133970052 -0.163125038 -0.040099297 0.999182343 -0.005168643 -0.013034841 -0.134069487 -0.000254319 0.990971863 -0.950973451
0.990241468 0.020958334 0.137777328 -0.061619371 -0.021007400 0.999778688 -0.001098143 -0.131253779 -0.137769848 -0.001806917 0.990462601 -0.985740602
0.988192081 0.038023345 0.148427039 -0.153278202 -0.036556341 0.999252141 -0.012600265 0.134479776 -0.148795143 0.007025534 0.988843083 -0.931449234
0.987261355 0.038421240 0.154398113 0.013802648 -0.036304377 0.999204516 -0.016507765 0.082605384 -0.154909566 0.010692156 0.987870812 -0.916981936
0.985589206 0.041930910 0.163877025 -0.110044152 -0.039958179 0.999083936 -0.015317273 0.063491806 -0.164369151 0.008548315 0.986361802 -0.907614589
0.986245036 0.033857025 0.161784992 -0.055902742 -0.032341134 0.999404907 -0.011994888 0.064071901 -0.162094817 0.006597591 0.986753106 -0.879362464
0.987355709 0.026799977 0.156238109 -0.042218029 -0.025070753 0.999600768 -0.013028332 0.075035073 -0.156524882 0.008946591 0.987633467 -0.932061613
0.990168333 0.025885412 0.137464821 0.190163016 -0.022829430 0.999457061 -0.023761505 0.224159122 -0.138005272 0.020389652 0.990221620 -0.851162314
0.989495218 0.044317588 0.137605011 0.032445833 -0.039794285 0.998578787 -0.035451882 0.315504223 -0.138980627 0.029603574 0.989852548 -0.912221909
0.990935147 0.058611572 0.120881088 0.250531852 -0.055092428 0.997960150 -0.032254744 0.180008620 -0.122524999 0.025302729 0.992142856 -0.636570871
0.990587950 0.067748845 0.118935719 0.076957189 -0.066499524 0.997681856 -0.014446216 -0.107861713 -0.119638726 0.006401075 0.992796898 -0.803314447
0.990325451 0.066259779 0.121922575 0.550346971 -0.062487643 0.997448921 -0.034510761 0.037362896 -0.123898223 0.026558228 0.991939545 2.019778728
0.996012688 0.046855208 0.075916857 0.789133728 -0.046031125 0.998860896 -0.012569629 0.021840349 -0.076419324 0.009024970 0.997034967 0.592637956
0.996012688 0.046855208 0.075916857 0.789133728 -0.046031125 0.998860896 -0.012569629 0.021840349 -0.076419324 0.009024970 0.997034967 0.592637956
0.996012688 0.046855208 0.075916857 0.789133728 -0.046031125 0.998860896 -0.012569629 0.021840349 -0.076419324 0.009024970 0.997034967 0.592637956
0.996012688 0.046855208 0.075916857 0.789133728 -0.046031125 0.998860896 -0.012569629 0.021840349 -0.076419324 0.009024970 0.997034967 0.592637956
0.996012688 0.046855208 0.075916857 0.789133728 -0.046031125 0.998860896 -0.012569629 0.021840349 -0.076419324 0.009024970 0.997034967 0.592637956
0.996012688 0.046855208 0.075916857 0.789133728 -0.046031125 0.998860896 -0.012569629 0.021840349 -0.076419324 0.009024970 0.997034967 0.592637956
0.996012688 0.046855208 0.075916857 0.789133728 -0.046031125 0.998860896 -0.012569629 0.021840349 -0.076419324 0.009024970 0.997034967 0.592637956
0.996012688 0.046855208 0.075916857 0.789133728 -0.046031125 0.998860896 -0.012569629 0.021840349 -0.076419324 0.009024970 0.997034967 0.592637956
0.996012688 0.046855208 0.075916857 0.789133728 -0.046031125 0.998860896 -0.012569629 0.021840349 -0.076419324 0.009024970 0.997034967 0.592637956
0.996012688 0.046855208 0.075916857 0.789133728 -0.046031125 0.998860896 -0.012569629 0.021840349 -0.076419324 0.009024970 0.997034967 0.592637956
0.996012688 0.046855208 0.075916857 0.789133728 -0.046031125 0.998860896 -0.012569629 0.021840349 -0.076419324 0.009024970 0.997034967 0.592637956
0.996012688 0.046855208 0.075916857 0.789133728 -0.046031125 0.998860896 -0.012569629 0.021840349 -0.076419324 0.009024970 0.997034967 0.592637956
0.996012688 0.046855208 0.075916857 0.789133728 -0.046031125 0.998860896 -0.012569629 0.021840349 -0.076419324 0.009024970 0.997034967 0.592637956
0.996012688 0.046855208 0.075916857 0.789133728 -0.046031125 0.998860896 -0.012569629 0.021840349 -0.076419324 0.009024970 0.997034967 0.592637956
0.996012688 0.046855208 0.075916857 0.789133728 -0.046031125 0.998860896 -0.012569629 0.021840349 -0.076419324 0.009024970 0.997034967 0.592637956
0.996012688 0.046855208 0.075916857 0.789133728 -0.046031125 0.998860896 -0.012569629 0.021840349 -0.076419324 0.009024970 0.997034967 0.592637956
0.996012688 0.046855208 0.075916857 0.789133728 -0.046031125 0.998860896 -0.012569629 0.021840349 -0.076419324 0.009024970 0.997034967 0.592637956
0.996012688 0.046855208 0.075916857 0.789133728 -0.046031125 0.998860896 -0.012569629 0.021840349 -0.076419324 0.009024970 0.997034967 0.592637956
0.996012688 0.046855208 0.075916857 0.789133728 -0.046031125 0.998860896 -0.012569629 0.021840349 -0.076419324 0.009024970 0.997034967 0.592637956
0.996012688 0.046855208 0.075916857 0.789133728 -0.046031125 0.998860896 -0.012569629 0.021840349 -0.076419324 0.009024970 0.997034967 0.592637956
0.996012688 0.046855208 0.075916857 0.789133728 -0.046031125 0.998860896 -0.012569629 0.021840349 -0.076419324 0.009024970 0.997034967 0.592637956
0.996012688 0.046855208 0.075916857 0.789133728 -0.046031125 0.998860896 -0.012569629 0.021840349 -0.076419324 0.009024970 0.997034967 0.592637956
0.996012688 0.046855208 0.075916857 0.789133728 -0.046031125 0.998860896 -0.012569629 0.021840349 -0.076419324 0.009024970 0.997034967 0.592637956
0.996012688 0.046855208 0.075916857 0.789133728 -0.046031125 0.998860896 -0.012569629 0.021840349 -0.076419324 0.009024970 0.997034967 0.592637956
0.996012688 0.046855208 0.075916857 0.789133728 -0.046031125 0.998860896 -0.012569629 0.021840349 -0.076419324 0.009024970 0.997034967 0.592637956
0.996012688 0.046855208 0.075916857 0.789133728 -0.046031125 0.998860896 -0.012569629 0.021840349 -0.076419324 0.009024970 0.997034967 0.592637956
0.996012688 0.046855208 0.075916857 0.789133728 -0.046031125 0.998860896 -0.012569629 0.021840349 -0.076419324 0.009024970 0.997034967 0.592637956
0.996012688 0.046855208 0.075916857 0.789133728 -0.046031125 0.998860896 -0.012569629 0.021840349 -0.076419324 0.009024970 0.997034967 0.592637956
0.996012688 0.046855208 0.075916857 0.789133728 -0.046031125 0.998860896 -0.012569629 0.021840349 -0.076419324 0.009024970 0.997034967 0.592637956
0.996012688 0.046855208 0.075916857 0.789133728 -0.046031125 0.998860896 -0.012569629 0.021840349 -0.076419324 0.009024970 0.997034967 0.592637956
0.996012688 0.046855208 0.075916857 0.789133728 -0.046031125 0.998860896 -0.012569629 0.021840349 -0.076419324 0.009024970 0.997034967 0.592637956
0.996012688 0.046855208 0.075916857 0.789133728 -0.046031125 0.998860896 -0.012569629 0.021840349 -0.076419324 0.009024970 0.997034967 0.592637956
0.996012688 0.046855208 0.075916857 0.789133728 -0.046031125 0.998860896 -0.012569629 0.021840349 -0.076419324 0.009024970 0.997034967 0.592637956
0.996012688 0.046855208 0.075916857 0.789133728 -0.046031125 0.998860896 -0.012569629 0.021840349 -0.076419324 0.009024970 0.997034967 0.592637956
0.996012688 0.046855208 0.075916857 0.789133728 -0.046031125 0.998860896 -0.012569629 0.021840349 -0.076419324 0.009024970 0.997034967 0.592637956
0.996012688 0.046855208 0.075916857 0.789133728 -0.046031125 0.998860896 -0.012569629 0.021840349 -0.076419324 0.009024970 0.997034967 0.592637956
0.996012688 0.046855208 0.075916857 0.789133728 -0.046031125 0.998860896 -0.012569629 0.021840349 -0.076419324 0.009024970 0.997034967 0.592637956
0.996012688 0.046855208 0.075916857 0.789133728 -0.046031125 0.998860896 -0.012569629 0.021840349 -0.076419324 0.009024970 0.997034967 0.592637956
0.996012688 0.046855208 0.075916857 0.789133728 -0.046031125 0.998860896 -0.012569629 0.021840349 -0.076419324 0.009024970 0.997034967 0.592637956
0.996012688 0.046855208 0.075916857 0.789133728 -0.046031125 0.998860896 -0.012569629 0.021840349 -0.076419324 0.009024970 0.997034967 0.592637956
0.996012688 0.046855208 0.075916857 0.789133728 -0.046031125 0.998860896 -0.012569629 0.021840349 -0.076419324 0.009024970 0.997034967 0.592637956
0.996012688 0.046855208 0.075916857 0.789133728 -0.046031125 0.998860896 -0.012569629 0.021840349 -0.076419324 0.009024970 0.997034967 0.592637956
0.996012688 0.046855208 0.075916857 0.789133728 -0.046031125 0.998860896 -0.012569629 0.021840349 -0.076419324 0.009024970 0.997034967 0.592637956
0.996012688 0.046855208 0.075916857 0.789133728 -0.046031125 0.998860896 -0.012569629 0.021840349 -0.076419324 0.009024970 0.997034967 0.592637956
0.996012688 0.046855208 0.075916857 0.789133728 -0.046031125 0.998860896 -0.012569629 0.021840349 -0.076419324 0.009024970 0.997034967 0.592637956
0.996012688 0.046855208 0.075916857 0.789133728 -0.046031125 0.998860896 -0.012569629 0.021840349 -0.076419324 0.009024970 0.997034967 0.592637956
0.996012688 0.046855208 0.075916857 0.789133728 -0.046031125 0.998860896 -0.012569629 0.021840349 -0.076419324 0.009024970 0.997034967 0.592637956
0.996012688 0.046855208 0.075916857 0.789133728 -0.046031125 0.998860896 -0.012569629 0.021840349 -0.076419324 0.009024970 0.997034967 0.592637956
0.996012688 0.046855208 0.075916857 0.789133728 -0.046031125 0.998860896 -0.012569629 0.021840349 -0.076419324 0.009024970 0.997034967 0.592637956
0.996012688 0.046855208 0.075916857 0.789133728 -0.046031125 0.998860896 -0.012569629 0.021840349 -0.076419324 0.009024970 0.997034967 0.592637956
0.996012688 0.046855208 0.075916857 0.789133728 -0.046031125 0.998860896 -0.012569629 0.021840349 -0.076419324 0.009024970 0.997034967 0.592637956
0.996012688 0.046855208 0.075916857 0.789133728 -0.046031125 0.998860896 -0.012569629 0.021840349 -0.076419324 0.009024970 0.997034967 0.592637956
0.996012688 0.046855208 0.075916857 0.789133728 -0.046031125 0.998860896 -0.012569629 0.021840349 -0.076419324 0.009024970 0.997034967 0.592637956
0.996012688 0.046855208 0.075916857 0.789133728 -0.046031125 0.998860896 -0.012569629 0.021840349 -0.076419324 0.009024970 0.997034967 0.592637956
0.996012688 0.046855208 0.075916857 0.789133728 -0.046031125 0.998860896 -0.012569629 0.021840349 -0.076419324 0.009024970 0.997034967 0.592637956
0.996012688 0.046855208 0.075916857 0.789133728 -0.046031125 0.998860896 -0.012569629 0.021840349 -0.076419324 0.009024970 0.997034967 0.592637956
0.996012688 0.046855208 0.075916857 0.789133728 -0.046031125 0.998860896 -0.012569629 0.021840349 -0.076419324 0.009024970 0.997034967 0.592637956
0.996012688 0.046855208 0.075916857 0.789133728 -0.046031125 0.998860896 -0.012569629 0.021840349 -0.076419324 0.009024970 0.997034967 0.592637956
0.996012688 0.046855208 0.075916857 0.789133728 -0.046031125 0.998860896 -0.012569629 0.021840349 -0.076419324 0.009024970 0.997034967 0.592637956
0.996012688 0.046855208 0.075916857 0.789133728 -0.046031125 0.998860896 -0.012569629 0.021840349 -0.076419324 0.009024970 0.997034967 0.592637956
0.996012688 0.046855208 0.075916857 0.789133728 -0.046031125 0.998860896 -0.012569629 0.021840349 -0.076419324 0.009024970 0.997034967 0.592637956
0.996012688 0.046855208 0.075916857 0.789133728 -0.046031125 0.998860896 -0.012569629 0.021840349 -0.076419324 0.009024970 0.997034967 0.592637956
0.996012688 0.046855208 0.075916857 0.789133728 -0.046031125 0.998860896 -0.012569629 0.021840349 -0.076419324 0.009024970 0.997034967 0.592637956
0.996012688 0.046855208 0.075916857 0.789133728 -0.046031125 0.998860896 -0.012569629 0.021840349 -0.076419324 0.009024970 0.997034967 0.592637956
0.996012688 0.046855208 0.075916857 0.789133728 -0.046031125 0.998860896 -0.012569629 0.021840349 -0.076419324 0.009024970 0.997034967 0.592637956
0.996012688 0.046855208 0.075916857 0.789133728 -0.046031125 0.998860896 -0.012569629 0.021840349 -0.076419324 0.009024970 0.997034967 0.592637956
0.996012688 0.046855208 0.075916857 0.789133728 -0.046031125 0.998860896 -0.012569629 0.021840349 -0.076419324 0.009024970 0.997034967 0.592637956
0.996012688 0.046855208 0.075916857 0.789133728 -0.046031125 0.998860896 -0.012569629 0.021840349 -0.076419324 0.009024970 0.997034967 0.592637956
0.996012688 0.046855208 0.075916857 0.789133728 -0.046031125 0.998860896 -0.012569629 0.021840349 -0.076419324 0.009024970 0.997034967 0.592637956
0.996012688 0.046855208 0.075916857 0.789133728 -0.046031125 0.998860896 -0.012569629 0.021840349 -0.076419324 0.009024970 0.997034967 0.592637956
0.996012688 0.046855208 0.075916857 0.789133728 -0.046031125 0.998860896 -0.012569629 0.021840349 -0.076419324 0.009024970 0.997034967 0.592637956
0.996012688 0.046855208 0.075916857 0.789133728 -0.046031125 0.998860896 -0.012569629 0.021840349 -0.076419324 0.009024970 0.997034967 0.592637956
0.996012688 0.046855208 0.075916857 0.789133728 -0.046031125 0.998860896 -0.012569629 0.021840349 -0.076419324 0.009024970 0.997034967 0.592637956
0.996012688 0.046855208 0.075916857 0.789133728 -0.046031125 0.998860896 -0.012569629 0.021840349 -0.076419324 0.009024970 0.997034967 0.592637956
0.996012688 0.046855208 0.075916857 0.789133728 -0.046031125 0.998860896 -0.012569629 0.021840349 -0.076419324 0.009024970 0.997034967 0.592637956
0.996012688 0.046855208 0.075916857 0.789133728 -0.046031125 0.998860896 -0.012569629 0.021840349 -0.076419324 0.009024970 0.997034967 0.592637956
0.996012688 0.046855208 0.075916857 0.789133728 -0.046031125 0.998860896 -0.012569629 0.021840349 -0.076419324 0.009024970 0.997034967 0.592637956
0.996012688 0.046855208 0.075916857 0.789133728 -0.046031125 0.998860896 -0.012569629 0.021840349 -0.076419324 0.009024970 0.997034967 0.592637956
0.996012688 0.046855208 0.075916857 0.789133728 -0.046031125 0.998860896 -0.012569629 0.021840349 -0.076419324 0.009024970 0.997034967 0.592637956
0.996012688 0.046855208 0.075916857 0.789133728 -0.046031125 0.998860896 -0.012569629 0.021840349 -0.076419324 0.009024970 0.997034967 0.592637956
0.996012688 0.046855208 0.075916857 0.789133728 -0.046031125 0.998860896 -0.012569629 0.021840349 -0.076419324 0.009024970 0.997034967 0.592637956
0.996012688 0.046855208 0.075916857 0.789133728 -0.046031125 0.998860896 -0.012569629 0.021840349 -0.076419324 0.009024970 0.997034967 0.592637956
0.996012688 0.046855208 0.075916857 0.789133728 -0.046031125 0.998860896 -0.012569629 0.021840349 -0.076419324 0.009024970 0.997034967 0.592637956
0.996012688 0.046855208 0.075916857 0.789133728 -0.046031125 0.998860896 -0.012569629 0.021840349 -0.076419324 0.009024970 0.997034967 0.592637956
0.996012688 0.046855208 0.075916857 0.789133728 -0.046031125 0.998860896 -0.012569629 0.021840349 -0.076419324 0.009024970 0.997034967 0.592637956
0.996012688 0.046855208 0.075916857 0.789133728 -0.046031125 0.998860896 -0.012569629 0.021840349 -0.076419324 0.009024970 0.997034967 0.592637956
0.996012688 0.046855208 0.075916857 0.789133728 -0.046031125 0.998860896 -0.012569629 0.021840349 -0.076419324 0.009024970 0.997034967 0.592637956
0.996012688 0.046855208 0.075916857 0.789133728 -0.046031125 0.998860896 -0.012569629 0.021840349 -0.076419324 0.009024970 0.997034967 0.592637956
0.996012688 0.046855208 0.075916857 0.789133728 -0.046031125 0.998860896 -0.012569629 0.021840349 -0.076419324 0.009024970 0.997034967 0.592637956
0.996012688 0.046855208 0.075916857 0.789133728 -0.046031125 0.998860896 -0.012569629 0.021840349 -0.076419324 0.009024970 0.997034967 0.592637956
0.996012688 0.046855208 0.075916857 0.789133728 -0.046031125 0.998860896 -0.012569629 0.021840349 -0.076419324 0.009024970 0.997034967 0.592637956
0.996012688 0.046855208 0.075916857 0.789133728 -0.046031125 0.998860896 -0.012569629 0.021840349 -0.076419324 0.009024970 0.997034967 0.592637956
0.996012688 0.046855208 0.075916857 0.789133728 -0.046031125 0.998860896 -0.012569629 0.021840349 -0.076419324 0.009024970 0.997034967 0.592637956
0.996012688 0.046855208 0.075916857 0.789133728 -0.046031125 0.998860896 -0.012569629 0.021840349 -0.076419324 0.009024970 0.997034967 0.592637956
0.996012688 0.046855208 0.075916857 0.789133728 -0.046031125 0.998860896 -0.012569629 0.021840349 -0.076419324 0.009024970 0.997034967 0.592637956
0.996012688 0.046855208 0.075916857 0.789133728 -0.046031125 0.998860896 -0.012569629 0.021840349 -0.076419324 0.009024970 0.997034967 0.592637956
0.996012688 0.046855208 0.075916857 0.789133728 -0.046031125 0.998860896 -0.012569629 0.021840349 -0.076419324 0.009024970 0.997034967 0.592637956
0.996012688 0.046855208 0.075916857 0.789133728 -0.046031125 0.998860896 -0.012569629 0.021840349 -0.076419324 0.009024970 0.997034967 0.592637956
0.996012688 0.046855208 0.075916857 0.789133728 -0.046031125 0.998860896 -0.012569629 0.021840349 -0.076419324 0.009024970 0.997034967 0.592637956
0.996012688 0.046855208 0.075916857 0.789133728 -0.046031125 0.998860896 -0.012569629 0.021840349 -0.076419324 0.009024970 0.997034967 0.592637956
0.996012688 0.046855208 0.075916857 0.789133728 -0.046031125 0.998860896 -0.012569629 0.021840349 -0.076419324 0.009024970 0.997034967 0.592637956
0.996012688 0.046855208 0.075916857 0.789133728 -0.046031125 0.998860896 -0.012569629 0.021840349 -0.076419324 0.009024970 0.997034967 0.592637956
0.996012688 0.046855208 0.075916857 0.789133728 -0.046031125 0.998860896 -0.012569629 0.021840349 -0.076419324 0.009024970 0.997034967 0.592637956
0.996012688 0.046855208 0.075916857 0.789133728 -0.046031125 0.998860896 -0.012569629 0.021840349 -0.076419324 0.009024970 0.997034967 0.592637956
0.996012688 0.046855208 0.075916857 0.789133728 -0.046031125 0.998860896 -0.012569629 0.021840349 -0.076419324 0.009024970 0.997034967 0.592637956
0.996012688 0.046855208 0.075916857 0.789133728 -0.046031125 0.998860896 -0.012569629 0.021840349 -0.076419324 0.009024970 0.997034967 0.592637956
0.996012688 0.046855208 0.075916857 0.789133728 -0.046031125 0.998860896 -0.012569629 0.021840349 -0.076419324 0.009024970 0.997034967 0.592637956
0.996012688 0.046855208 0.075916857 0.789133728 -0.046031125 0.998860896 -0.012569629 0.021840349 -0.076419324 0.009024970 0.997034967 0.592637956
0.996012688 0.046855208 0.075916857 0.789133728 -0.046031125 0.998860896 -0.012569629 0.021840349 -0.076419324 0.009024970 0.997034967 0.592637956
0.996012688 0.046855208 0.075916857 0.789133728 -0.046031125 0.998860896 -0.012569629 0.021840349 -0.076419324 0.009024970 0.997034967 0.592637956
0.996012688 0.046855208 0.075916857 0.789133728 -0.046031125 0.998860896 -0.012569629 0.021840349 -0.076419324 0.009024970 0.997034967 0.592637956
0.996012688 0.046855208 0.075916857 0.789133728 -0.046031125 0.998860896 -0.012569629 0.021840349 -0.076419324 0.009024970 0.997034967 0.592637956
0.996012688 0.046855208 0.075916857 0.789133728 -0.046031125 0.998860896 -0.012569629 0.021840349 -0.076419324 0.009024970 0.997034967 0.592637956
0.996012688 0.046855208 0.075916857 0.789133728 -0.046031125 0.998860896 -0.012569629 0.021840349 -0.076419324 0.009024970 0.997034967 0.592637956
0.996012688 0.046855208 0.075916857 0.789133728 -0.046031125 0.998860896 -0.012569629 0.021840349 -0.076419324 0.009024970 0.997034967 0.592637956
0.996012688 0.046855208 0.075916857 0.789133728 -0.046031125 0.998860896 -0.012569629 0.021840349 -0.076419324 0.009024970 0.997034967 0.592637956
0.996012688 0.046855208 0.075916857 0.789133728 -0.046031125 0.998860896 -0.012569629 0.021840349 -0.076419324 0.009024970 0.997034967 0.592637956
0.996012688 0.046855208 0.075916857 0.789133728 -0.046031125 0.998860896 -0.012569629 0.021840349 -0.076419324 0.009024970 0.997034967 0.592637956
0.996012688 0.046855208 0.075916857 0.789133728 -0.046031125 0.998860896 -0.012569629 0.021840349 -0.076419324 0.009024970 0.997034967 0.592637956
0.996012688 0.046855208 0.075916857 0.789133728 -0.046031125 0.998860896 -0.012569629 0.021840349 -0.076419324 0.009024970 0.997034967 0.592637956
0.996012688 0.046855208 0.075916857 0.789133728 -0.046031125 0.998860896 -0.012569629 0.021840349 -0.076419324 0.009024970 0.997034967 0.592637956
0.996012688 0.046855208 0.075916857 0.789133728 -0.046031125 0.998860896 -0.012569629 0.021840349 -0.076419324 0.009024970 0.997034967 0.592637956
0.996012688 0.046855208 0.075916857 0.789133728 -0.046031125 0.998860896 -0.012569629 0.021840349 -0.076419324 0.009024970 0.997034967 0.592637956
0.996012688 0.046855208 0.075916857 0.789133728 -0.046031125 0.998860896 -0.012569629 0.021840349 -0.076419324 0.009024970 0.997034967 0.592637956
0.996012688 0.046855208 0.075916857 0.789133728 -0.046031125 0.998860896 -0.012569629 0.021840349 -0.076419324 0.009024970 0.997034967 0.592637956
0.996012688 0.046855208 0.075916857 0.789133728 -0.046031125 0.998860896 -0.012569629 0.021840349 -0.076419324 0.009024970 0.997034967 0.592637956
0.996012688 0.046855208 0.075916857 0.789133728 -0.046031125 0.998860896 -0.012569629 0.021840349 -0.076419324 0.009024970 0.997034967 0.592637956
0.996012688 0.046855208 0.075916857 0.789133728 -0.046031125 0.998860896 -0.012569629 0.021840349 -0.076419324 0.009024970 0.997034967 0.592637956
0.996012688 0.046855208 0.075916857 0.789133728 -0.046031125 0.998860896 -0.012569629 0.021840349 -0.076419324 0.009024970 0.997034967 0.592637956
0.996012688 0.046855208 0.075916857 0.789133728 -0.046031125 0.998860896 -0.012569629 0.021840349 -0.076419324 0.009024970 0.997034967 0.592637956
0.996012688 0.046855208 0.075916857 0.789133728 -0.046031125 0.998860896 -0.012569629 0.021840349 -0.076419324 0.009024970 0.997034967 0.592637956
0.996012688 0.046855208 0.075916857 0.789133728 -0.046031125 0.998860896 -0.012569629 0.021840349 -0.076419324 0.009024970 0.997034967 0.592637956
0.996012688 0.046855208 0.075916857 0.789133728 -0.046031125 0.998860896 -0.012569629 0.021840349 -0.076419324 0.009024970 0.997034967 0.592637956
0.996012688 0.046855208 0.075916857 0.789133728 -0.046031125 0.998860896 -0.012569629 0.021840349 -0.076419324 0.009024970 0.997034967 0.592637956
0.996012688 0.046855208 0.075916857 0.789133728 -0.046031125 0.998860896 -0.012569629 0.021840349 -0.076419324 0.009024970 0.997034967 0.592637956
0.996012688 0.046855208 0.075916857 0.789133728 -0.046031125 0.998860896 -0.012569629 0.021840349 -0.076419324 0.009024970 0.997034967 0.592637956
0.996012688 0.046855208 0.075916857 0.789133728 -0.046031125 0.998860896 -0.012569629 0.021840349 -0.076419324 0.009024970 0.997034967 0.592637956
0.996012688 0.046855208 0.075916857 0.789133728 -0.046031125 0.998860896 -0.012569629 0.021840349 -0.076419324 0.009024970 0.997034967 0.592637956
0.996012688 0.046855208 0.075916857 0.789133728 -0.046031125 0.998860896 -0.012569629 0.021840349 -0.076419324 0.009024970 0.997034967 0.592637956
0.996012688 0.046855208 0.075916857 0.789133728 -0.046031125 0.998860896 -0.012569629 0.021840349 -0.076419324 0.009024970 0.997034967 0.592637956
0.996012688 0.046855208 0.075916857 0.789133728 -0.046031125 0.998860896 -0.012569629 0.021840349 -0.076419324 0.009024970 0.997034967 0.592637956
0.996012688 0.046855208 0.075916857 0.789133728 -0.046031125 0.998860896 -0.012569629 0.021840349 -0.076419324 0.009024970 0.997034967 0.592637956
0.996012688 0.046855208 0.075916857 0.789133728 -0.046031125 0.998860896 -0.012569629 0.021840349 -0.076419324 0.009024970 0.997034967 0.592637956
0.996012688 0.046855208 0.075916857 0.789133728 -0.046031125 0.998860896 -0.012569629 0.021840349 -0.076419324 0.009024970 0.997034967 0.592637956
0.996012688 0.046855208 0.075916857 0.789133728 -0.046031125 0.998860896 -0.012569629 0.021840349 -0.076419324 0.009024970 0.997034967 0.592637956
0.996012688 0.046855208 0.075916857 0.789133728 -0.046031125 0.998860896 -0.012569629 0.021840349 -0.076419324 0.009024970 0.997034967 0.592637956
0.996012688 0.046855208 0.075916857 0.789133728 -0.046031125 0.998860896 -0.012569629 0.021840349 -0.076419324 0.009024970 0.997034967 0.592637956
0.996012688 0.046855208 0.075916857 0.789133728 -0.046031125 0.998860896 -0.012569629 0.021840349 -0.076419324 0.009024970 0.997034967 0.592637956
