1.000000000 0.000000000 0.000000000 0.000000000 0.000000000 1.000000000 0.000000000 0.000000000 0.000000000 0.000000000 1.000000000 0.000000000
1.000000000 -0.000047210 0.000141155 -0.015108990 0.000047008 0.999998987 0.001427579 -0.012455730 -0.000141222 -0.001427572 0.999998987 1.315455317
0.999998510 -0.001568133 -0.000692556 -0.009647371 0.001569365 0.999997139 0.001781578 -0.039911620 0.000689761 -0.001782662 0.999998152 2.618702173
0.999996126 -0.002692076 -0.000675494 -0.014954701 0.002692575 0.999996126 0.000738890 -0.055519708 0.000673502 -0.000740706 0.999999464 3.931949854
0.999996006 -0.002810657 -0.000437600 -0.027422365 0.002810998 0.999995828 0.000779592 -0.072998673 0.000435407 -0.000780819 0.999999583 5.250720978
0.999993086 -0.003661341 -0.000677318 -0.024424085 0.003662626 0.999991477 0.001906114 -0.100802012 0.000670333 -0.001908581 0.999997973 6.576246262
0.999986947 -0.005110525 -0.000348859 -0.032278623 0.005111495 0.999982893 0.002837935 -0.113323420 0.000334350 -0.002839681 0.999995947 7.902181625
0.999989748 -0.004513917 -0.000418936 -0.040498499 0.004515378 0.999983609 0.003553976 -0.136117116 0.000402886 -0.003555831 0.999993622 9.239185333
0.999994278 -0.003358971 -0.000540468 -0.052039333 0.003359786 0.999993265 0.001510876 -0.150672451 0.000535389 -0.001512683 0.999998748 10.584275246
0.999998808 -0.001231856 -0.000934052 -0.055226654 0.001231643 0.999999225 -0.000228663 -0.178611040 0.000934333 0.000227512 0.999999523 11.921978951
0.999997139 0.002335040 -0.000493608 -0.076350376 -0.002335605 0.999996603 -0.001147634 -0.201225489 0.000490926 0.001148783 0.999999225 13.255878448
0.999989152 0.004642781 -0.000399315 -0.092721611 -0.004643279 0.999988437 -0.001254292 -0.222082108 0.000393486 0.001256133 0.999999106 14.601387978
0.999982595 0.005869233 -0.000479755 -0.096398085 -0.005869468 0.999982595 -0.000491146 -0.241637215 0.000476864 0.000493954 0.999999762 15.956983566
0.999994695 0.003245977 0.000238648 -0.107079051 -0.003246565 0.999991596 0.002508114 -0.267990679 -0.000230505 -0.002508876 0.999996781 17.319759369
0.999999464 -0.000912835 0.000381771 -0.109635048 0.000911146 0.999989867 0.004402817 -0.286868870 -0.000385786 -0.004402467 0.999990225 18.675819397
0.999995112 -0.003136579 0.000075687 -0.115341105 0.003136421 0.999993026 0.002007349 -0.301462591 -0.000081983 -0.002007102 0.999998033 20.021850586
0.999987960 -0.004901440 0.000090278 -0.119014971 0.004901405 0.999987841 0.000378052 -0.329278439 -0.000092130 -0.000377605 0.999999940 21.381103516
0.999997318 -0.002030820 0.001090933 -0.139217421 0.002032166 0.999997079 -0.001233284 -0.346162885 -0.001088425 0.001235498 0.999998689 22.728113174
0.999998569 0.000509601 0.001617747 -0.141073942 -0.000510827 0.999999583 0.000758068 -0.367126018 -0.001617360 -0.000758893 0.999998391 24.101947784
0.999997377 0.001147801 0.001960658 -0.145500943 -0.001156830 0.999988675 0.004609991 -0.389285326 -0.001955344 -0.004612247 0.999987423 25.473390579
0.999995708 -0.000933888 0.002778873 -0.152093828 0.000916541 0.999980092 0.006237072 -0.395580113 -0.002784642 -0.006234499 0.999976635 26.848678589
0.999979973 -0.006040157 0.001875365 -0.133556917 0.006031743 0.999971867 0.004460402 -0.416492254 -0.001902253 -0.004449002 0.999988317 28.255317688
0.999980330 -0.005972324 0.001886535 -0.136174440 0.005968460 0.999980092 0.002047477 -0.427538991 -0.001898725 -0.002036177 0.999996185 29.630662918
0.999975145 -0.006408569 0.002928433 -0.147480935 0.006409599 0.999979377 -0.000342893 -0.451774567 -0.002926175 0.000361654 0.999995649 30.998901367
0.999988794 -0.003039519 0.003613630 -0.160295412 0.003042356 0.999994993 -0.000779692 -0.476762235 -0.003611242 0.000790677 0.999993205 32.378997803
0.999989271 -0.002416576 0.003988361 -0.161158249 0.002428649 0.999992490 -0.003024962 -0.502583504 -0.003981022 0.003034615 0.999987483 33.754241943
0.999990582 -0.001771688 0.003977083 -0.157195434 0.001780972 0.999995649 -0.002332014 -0.526713073 -0.003972934 0.002339075 0.999989390 35.148944855
0.999991596 -0.001191636 0.003928859 -0.165853277 0.001197236 0.999998212 -0.001423417 -0.549534023 -0.003927156 0.001428108 0.999991298 36.545124054
0.999993563 0.000080520 0.003595242 -0.171807736 -0.000081969 0.999999881 0.000403002 -0.574337423 -0.003595209 -0.000403295 0.999993563 37.944370270
0.999989569 0.002745280 0.003651549 -0.176072687 -0.002748194 0.999995887 0.000793032 -0.601651192 -0.003649357 -0.000803059 0.999992967 39.353435516
0.999977708 0.005265868 0.004113193 -0.187997505 -0.005267523 0.999985993 0.000391516 -0.622046590 -0.004111074 -0.000413173 0.999991417 40.745128632
0.999965787 0.007253414 0.003967189 -0.188883081 -0.007256199 0.999973357 0.000687876 -0.640543759 -0.003962093 -0.000716639 0.999991894 42.168209076
0.999962747 0.007863755 0.003579953 -0.189983368 -0.007866258 0.999968767 0.000685409 -0.661130667 -0.003574452 -0.000713544 0.999993384 43.563800812
0.999968886 0.007151585 0.003330426 -0.196634337 -0.007154327 0.999974191 0.000812359 -0.690570831 -0.003324530 -0.000836161 0.999994040 44.985076904
0.999977589 0.006190184 0.002533544 -0.196106195 -0.006191389 0.999980748 0.000468188 -0.710642040 -0.002530597 -0.000483864 0.999996603 46.384468079
0.999984920 0.005253805 0.001576174 -0.200173587 -0.005255051 0.999985874 0.000786907 -0.734518528 -0.001572018 -0.000795178 0.999998450 47.794364929
0.999984205 0.005594322 0.000499170 -0.202553406 -0.005595142 0.999983072 0.001655901 -0.749937654 -0.000489898 -0.001658668 0.999998510 49.223232269
0.999980986 0.006093311 -0.000859243 -0.207792342 -0.006091934 0.999980152 0.001594912 -0.776090503 0.000868945 -0.001589647 0.999998271 50.633846283
0.999978125 0.006287919 -0.002024768 -0.224147797 -0.006283601 0.999977946 0.002131736 -0.793992877 0.002038128 -0.002118967 0.999995649 52.041938782
0.999976754 0.006004444 -0.003222154 -0.233335778 -0.005994746 0.999977469 0.003011084 -0.817228317 0.003240162 -0.002991698 0.999990284 53.456882477
0.999982119 0.004614566 -0.003792944 -0.244795054 -0.004600000 0.999981940 0.003840136 -0.833956778 0.003810596 -0.003822620 0.999985397 54.895751953
0.999985874 0.002261874 -0.004805721 -0.250585318 -0.002242000 0.999988854 0.004136788 -0.858098507 0.004815025 -0.004125956 0.999979913 56.353496552
0.999987185 -0.000212775 -0.005051752 -0.272279769 0.000231409 0.999993145 0.003688464 -0.877450228 0.005050932 -0.003689585 0.999980450 57.724193573
0.999984920 -0.001175376 -0.005376514 -0.283353180 0.001197592 0.999990702 0.004130678 -0.896486104 0.005371608 -0.004137055 0.999976993 59.148895264
0.999983549 -0.002862640 -0.004958064 -0.292363584 0.002886267 0.999984503 0.004764667 -0.917011857 0.004944348 -0.004778900 0.999976337 60.573333740
0.999981940 -0.004143173 -0.004338671 -0.303770512 0.004167855 0.999975145 0.005695350 -0.934231699 0.004314968 -0.005713331 0.999974310 62.003578186
0.999977589 -0.005473741 -0.003855819 -0.323108554 0.005494193 0.999970794 0.005313569 -0.959017515 0.003826621 -0.005334634 0.999978364 63.401321411
0.999971569 -0.006894832 -0.003056799 -0.337768018 0.006908033 0.999966800 0.004329058 -0.972652435 0.003026850 -0.004350052 0.999985874 64.814720154
0.999970317 -0.007148742 -0.002876059 -0.338904321 0.007160950 0.999965310 0.004257364 -0.997002363 0.002845525 -0.004277833 0.999986768 66.231849670
0.999976337 -0.006610865 -0.001890773 -0.349922478 0.006619024 0.999968648 0.004341751 -1.015594363 0.001862012 -0.004354162 0.999988854 67.656852722
0.999994755 -0.002836776 -0.001549286 -0.366911024 0.002844594 0.999983132 0.005068107 -1.026346207 0.001534883 -0.005072488 0.999985874 69.047584534
0.999999821 0.000116500 -0.000543593 -0.385185897 -0.000112872 0.999977827 0.006670276 -1.049643159 0.000544358 -0.006670213 0.999977529 70.433662415
0.999991953 0.004013832 -0.000050066 -0.392405421 -0.004013382 0.999967396 0.007008850 -1.064203382 0.000078196 -0.007008593 0.999975443 71.854423523
0.999971092 0.007598376 0.000335537 -0.406957179 -0.007600503 0.999947548 0.006874805 -1.081683159 -0.000283282 -0.006877156 0.999976337 73.247505188
0.999934018 0.011414432 0.001285933 -0.422828555 -0.011421989 0.999916553 0.006031055 -1.101555705 -0.001216985 -0.006045345 0.999980986 74.641952515
0.999911726 0.013155610 0.001854532 -0.430255204 -0.013166464 0.999895453 0.005966250 -1.119392037 -0.001775849 -0.005990142 0.999980509 76.032089233
0.999915242 0.012861785 0.002020166 -0.435277939 -0.012874166 0.999897659 0.006240237 -1.130942822 -0.001939698 -0.006265716 0.999978423 77.436676025
0.999917269 0.012690538 0.002117746 -0.446181893 -0.012702793 0.999902010 0.005877121 -1.149629951 -0.002042955 -0.005903536 0.999980450 78.825515747
0.999939024 0.010819089 0.002194976 -0.453133702 -0.010830091 0.999928474 0.005063144 -1.170531511 -0.002140040 -0.005086606 0.999984741 80.182601929
0.999947250 0.010118384 0.001733363 -0.456752777 -0.010127250 0.999935210 0.005185076 -1.188355684 -0.001680786 -0.005202357 0.999985039 81.569816589
0.999952674 0.009658108 0.001176504 -0.450706393 -0.009664201 0.999939322 0.005286565 -1.208790779 -0.001125374 -0.005297685 0.999985337 82.922836304
0.999959767 0.008957145 0.000395584 -0.450928301 -0.008958941 0.999948442 0.004800281 -1.223271012 -0.000352567 -0.004803632 0.999988377 84.291603088
0.999958396 0.009119472 -0.000194894 -0.470976651 -0.009118350 0.999945223 0.005136011 -1.234997749 0.000241721 -0.005134020 0.999986768 85.665405273
0.999959886 0.008869379 -0.001251976 -0.473191321 -0.008862348 0.999945521 0.005513618 -1.251778126 0.001300810 -0.005502302 0.999984026 87.030220032
0.999975443 0.006578247 -0.002386153 -0.478300452 -0.006561355 0.999953806 0.007019001 -1.282018781 0.002432215 -0.007003172 0.999972522 88.411338806
0.999984980 0.004006605 -0.003740595 -0.492300868 -0.003978864 0.999964714 0.007394530 -1.292876482 0.003770090 -0.007379536 0.999965668 89.779617310
0.999986231 0.001877766 -0.004891471 -0.490190685 -0.001839733 0.999968112 0.007768344 -1.322726011 0.004905903 -0.007759239 0.999957860 91.143356323
0.999985635 0.001268427 -0.005195406 -0.507039785 -0.001233247 0.999976337 0.006769024 -1.332644224 0.005203869 -0.006762520 0.999963582 92.518814087
0.999985695 -0.000192005 -0.005338453 -0.523060679 0.000228207 0.999976993 0.006781691 -1.357411742 0.005337029 -0.006782812 0.999962687 93.833732605
0.999984980 0.000121518 -0.005467750 -0.542176247 -0.000088819 0.999982119 0.005980102 -1.368639350 0.005468380 -0.005979527 0.999967158 95.195075989
0.999985397 -0.000372076 -0.005409364 -0.557666659 0.000402674 0.999983907 0.005656459 -1.392173886 0.005407172 -0.005658553 0.999969363 96.565673828
0.999985278 0.000505991 -0.005394857 -0.574730337 -0.000478315 0.999986708 0.005130211 -1.412252665 0.005397381 -0.005127555 0.999972224 97.899757385
0.999986827 0.001605832 -0.004876480 -0.598325551 -0.001579836 0.999984562 0.005330001 -1.430815339 0.004884962 -0.005322225 0.999973893 99.224639893
0.999986172 0.002239996 -0.004758782 -0.613318682 -0.002206430 0.999972701 0.007047086 -1.449885607 0.004774437 -0.007036489 0.999963820 100.555686951
0.999982774 0.003284917 -0.004860642 -0.631452560 -0.003245399 0.999961793 0.008115917 -1.464847803 0.004887116 -0.008100000 0.999955237 101.896125793
0.999985635 0.002906062 -0.004503219 -0.649368703 -0.002876401 0.999974132 0.006579218 -1.474446058 0.004522223 -0.006566170 0.999968171 103.230606079
0.999985695 0.002906989 -0.004490532 -0.663768828 -0.002887542 0.999986470 0.004331191 -1.497830868 0.004503062 -0.004318162 0.999980509 104.540046692
0.999985933 0.001998924 -0.004901057 -0.670138121 -0.001984046 0.999993443 0.003038686 -1.511297107 0.004907099 -0.003028919 0.999983311 105.891052246
0.999989629 -0.000309231 -0.004543251 -0.688487709 0.000329769 0.999989688 0.004520340 -1.535389662 0.004541805 -0.004521791 0.999979436 107.211090088
0.999988556 -0.002616769 -0.004016453 -0.700040221 0.002642133 0.999976456 0.006322675 -1.548916578 0.003999814 -0.006333214 0.999971926 108.552391052
0.999988735 -0.003662525 -0.003018523 -0.707051396 0.003683006 0.999969959 0.006807534 -1.563946247 0.002993500 -0.006818574 0.999972284 109.882591248
0.999986470 -0.004567823 -0.002494124 -0.713276625 0.004581749 0.999973714 0.005606160 -1.581593990 0.002468450 -0.005617511 0.999981225 111.202621460
0.999995649 -0.002513738 -0.001525813 -0.730984509 0.002518411 0.999992132 0.003068459 -1.598517656 0.001518088 -0.003072289 0.999994099 112.535415649
0.999999940 -0.000260504 -0.000118497 -0.742354691 0.000260637 0.999999404 0.001124751 -1.617844582 0.000118204 -0.001124782 0.999999344 113.876708984
0.999994695 0.002991858 0.001267326 -0.757633865 -0.002993131 0.999994993 0.001002797 -1.638551235 -0.001264319 -0.001006585 0.999998689 115.179542542
0.999987304 0.004256004 0.002702630 -0.766634226 -0.004263323 0.999987185 0.002707937 -1.655491829 -0.002691071 -0.002719425 0.999992728 116.525108337
0.999982059 0.004388085 0.004067175 -0.776499033 -0.004408457 0.999977648 0.005013307 -1.677528620 -0.004045085 -0.005031146 0.999979079 117.852020264
0.999979913 0.003879576 0.005006339 -0.778157771 -0.003906520 0.999977827 0.005383425 -1.691054344 -0.004985344 -0.005402875 0.999972939 119.189590454
0.999973476 0.004268729 0.005899994 -0.778029621 -0.004298013 0.999978423 0.004959536 -1.706488132 -0.005878696 -0.004984763 0.999970317 120.532676697
0.999956787 0.005898488 0.007185542 -0.774068475 -0.005930110 0.999972820 0.004387530 -1.720970511 -0.007159468 -0.004429951 0.999964535 121.877670288
0.999930084 0.008310577 0.008413118 -0.781169057 -0.008344374 0.999957144 0.003990133 -1.737934232 -0.008379598 -0.004060056 0.999956667 123.227043152
0.999914944 0.008979633 0.009461928 -0.779035926 -0.009006759 0.999955416 0.002827996 -1.751525402 -0.009436113 -0.002912978 0.999951243 124.575515747
0.999891639 0.010442916 0.010375110 -0.773160696 -0.010465560 0.999942958 0.002130609 -1.776281834 -0.010352269 -0.002238959 0.999943912 125.907646179
0.999887526 0.009666277 0.011459928 -0.767377496 -0.009686401 0.999951661 0.001702064 -1.790804505 -0.011442919 -0.001812878 0.999932826 127.252601624
0.999889374 0.008586911 0.012142270 -0.756789088 -0.008627056 0.999957502 0.003257848 -1.815873742 -0.012113779 -0.003362240 0.999920905 128.608566284
0.999888897 0.007509272 0.012873225 -0.747063398 -0.007561328 0.999963403 0.003999864 -1.835543871 -0.012842717 -0.004096759 0.999909163 129.922668457
0.999885917 0.006926463 0.013419735 -0.744225144 -0.006984495 0.999966443 0.004282291 -1.847452044 -0.013389623 -0.004375532 0.999900758 131.320922852
0.999900341 0.004569282 0.013359084 -0.729682684 -0.004626757 0.999980211 0.004274487 -1.860459328 -0.013339288 -0.004335871 0.999901533 132.670944214
0.999910653 0.003180083 0.012981721 -0.716601372 -0.003245332 0.999982119 0.005008245 -1.883180737 -0.012965563 -0.005049927 0.999903202 134.042984009
0.999918997 0.001729839 0.012608297 -0.711494565 -0.001788497 0.999987602 0.004642555 -1.898153782 -0.012600109 -0.004664728 0.999909759 135.391159058
0.999938846 0.000297127 0.011055540 -0.696500897 -0.000348296 0.999989212 0.004626688 -1.914458394 -0.011054047 -0.004630256 0.999928117 136.733459473
0.999948800 -0.000839084 0.010088792 -0.691402078 0.000787535 0.999986649 0.005112409 -1.926349401 -0.010092948 -0.005104203 0.999935985 138.084655762
0.999955356 -0.002941240 0.008974301 -0.683936596 0.002887947 0.999978125 0.005945590 -1.953559875 -0.008991592 -0.005919409 0.999942064 139.418289185
0.999964297 -0.003393970 0.007741999 -0.682895422 0.003348369 0.999976993 0.005895494 -1.968336105 -0.007761831 -0.005869360 0.999952734 140.750442505
0.999970615 -0.003721771 0.006701890 -0.680920541 0.003687277 0.999979913 0.005151932 -1.983189583 -0.006720930 -0.005127069 0.999964297 142.093841553
0.999975979 -0.003755055 0.005817552 -0.686838865 0.003725794 0.999980390 0.005032390 -2.001528263 -0.005836335 -0.005010595 0.999970436 143.429229736
0.999969423 -0.006218708 0.004729109 -0.678439319 0.006206341 0.999977291 0.002624824 -2.022348166 -0.004745325 -0.002595394 0.999985397 144.767791748
0.999924958 -0.011577291 0.004005633 -0.676376522 0.011569090 0.999930918 0.002064558 -2.040147066 -0.004029259 -0.002018061 0.999989808 146.113861084
0.999813557 -0.019055234 0.003129358 -0.675353408 0.019040730 0.999808133 0.004602461 -2.060779572 -0.003216458 -0.004542019 0.999984503 147.459655762
0.999671757 -0.025585094 0.001329259 -0.665133417 0.025577174 0.999656737 0.005667790 -2.072132349 -0.001473814 -0.005631931 0.999983013 148.795227051
0.999572337 -0.029242866 0.000095522 -0.653682292 0.029242571 0.999569654 0.002281953 -2.089383364 -0.000162212 -0.002278184 0.999997377 150.145675659
0.999578953 -0.029001132 0.000859693 -0.674568355 0.029001463 0.999579430 -0.000378540 -2.117842674 -0.000848353 0.000403313 0.999999583 151.470199585
0.999667525 -0.025736475 0.001574408 -0.682710886 0.025740068 0.999666035 -0.002305656 -2.143365622 -0.001514543 0.002345414 0.999996126 152.795440674
0.999667823 -0.025686666 0.002100556 -0.681209028 0.025692305 0.999666274 -0.002701466 -2.155984879 -0.002030463 0.002754538 0.999994159 154.165390015
0.999578714 -0.028885912 0.002828608 -0.686067343 0.028884344 0.999582589 0.000592960 -2.178487062 -0.002844555 -0.000511007 0.999995887 155.508499146
0.999409914 -0.034177121 0.003435756 -0.690079689 0.034165286 0.999410212 0.003445465 -2.206836700 -0.003551486 -0.003326048 0.999988079 156.840133667
0.999274850 -0.037928998 0.003340617 -0.687017381 0.037912611 0.999269307 0.004838302 -2.224574089 -0.003521688 -0.004708143 0.999982655 158.170455933
0.999213874 -0.039466191 0.003779829 -0.683575749 0.039447784 0.999210119 0.004824533 -2.246679306 -0.003967249 -0.004671635 0.999981225 159.508850098
0.999282241 -0.037579730 0.004780224 -0.686548769 0.037552323 0.999278486 0.005699881 -2.263079166 -0.004990975 -0.005516282 0.999972343 160.849822998
0.999426723 -0.033394426 0.005577415 -0.682172298 0.033367239 0.999431252 0.004897437 -2.282558441 -0.005737790 -0.004708528 0.999972463 162.205688477
0.999517500 -0.030244676 0.007074375 -0.703848481 0.030224752 0.999538898 0.002907145 -2.302197933 -0.007159038 -0.002691921 0.999970734 163.518615723
0.999586761 -0.027699947 0.007684853 -0.697801113 0.027683694 0.999614298 0.002213295 -2.318368912 -0.007743197 -0.001999635 0.999967992 164.868957520
0.999664187 -0.024494354 0.008453699 -0.704103112 0.024467781 0.999695420 0.003231892 -2.342385292 -0.008530288 -0.003023964 0.999959052 166.210159302
0.999712110 -0.022781948 0.007527528 -0.687147617 0.022762192 0.999737203 0.002700177 -2.362714767 -0.007587067 -0.002528056 0.999967992 167.581985474
0.999745369 -0.021244658 0.007603959 -0.687234640 0.021243205 0.999774218 0.000271529 -2.373140574 -0.007608012 -0.000109928 0.999971032 168.925018311
0.999826133 -0.017250299 0.007067559 -0.687061787 0.017267194 0.999848127 -0.002336034 -2.396438122 -0.007026189 0.002457665 0.999972284 170.278717041
0.999903858 -0.011898348 0.007123644 -0.692529321 0.011925302 0.999921858 -0.003753581 -2.416339874 -0.007078425 0.003838173 0.999967575 171.628875732
0.999946952 -0.007492444 0.007059209 -0.689851761 0.007511222 0.999968290 -0.002637440 -2.444496632 -0.007039225 0.002690324 0.999971569 173.015151978
0.999961495 -0.004067704 0.007775243 -0.694821596 0.004074506 0.999991298 -0.000859190 -2.465314865 -0.007771681 0.000890837 0.999969423 174.376174927
0.999963403 -0.003242041 0.007915528 -0.694650650 0.003231572 0.999993920 0.001335077 -2.487043619 -0.007919809 -0.001309449 0.999967754 175.752471924
0.999954462 -0.006708947 0.006788753 -0.685696363 0.006693564 0.999974966 0.002286288 -2.503729105 -0.006803923 -0.002240743 0.999974370 177.134216309
0.999954581 -0.008255564 0.004772698 -0.676795244 0.008245177 0.999963582 0.002191856 -2.517490387 -0.004790619 -0.002152405 0.999986231 178.523269653
0.999949574 -0.009494889 0.003310101 -0.688203216 0.009500786 0.999953270 -0.001770293 -2.549326897 -0.003293138 0.001801652 0.999992967 179.883041382
0.999966800 -0.008005393 0.001568245 -0.684313059 0.008014351 0.999951124 -0.005792563 -2.575135231 -0.001521796 0.005804939 0.999981999 181.278320312
0.999996126 -0.002578994 0.001058034 -0.698928118 0.002586011 0.999974310 -0.006685543 -2.604661942 -0.001040764 0.006688253 0.999977112 182.669586182
0.999999166 0.000762989 0.001054716 -0.715415835 -0.000757191 0.999984682 -0.005486237 -2.640175104 -0.001058885 0.005485434 0.999984384 184.071441650
0.999994993 0.002791486 0.001474306 -0.731709898 -0.002788557 0.999994099 -0.001984577 -2.669242382 -0.001479837 0.001980455 0.999996960 185.461700439
0.999992669 0.003489562 0.001523181 -0.737259984 -0.003489662 0.999993861 0.000062531 -2.693343163 -0.001522954 -0.000067846 0.999998868 186.865783691
0.999992967 0.003257081 0.001822451 -0.746872067 -0.003258288 0.999994457 0.000659513 -2.707964659 -0.001820293 -0.000665447 0.999998093 188.293457031
0.999997377 0.001318612 0.001812156 -0.753245592 -0.001320709 0.999998450 0.001156557 -2.725408792 -0.001810628 -0.001158947 0.999997735 189.717208862
0.999997020 -0.001027595 0.002198694 -0.757728100 0.001022565 0.999996781 0.002287636 -2.766367674 -0.002201037 -0.002285381 0.999994993 191.161727905
0.999989986 -0.003518225 0.002748856 -0.766573966 0.003512181 0.999991357 0.002200223 -2.783336639 -0.002756573 -0.002190546 0.999993801 192.593124390
0.999971688 -0.006999657 0.002761469 -0.763821483 0.006990269 0.999969721 0.003395095 -2.809989452 -0.002785150 -0.003375694 0.999990344 194.000640869
0.999932528 -0.011191681 0.003112630 -0.766012430 0.011176660 0.999926031 0.004801974 -2.824416876 -0.003166141 -0.004766861 0.999983609 195.423461914
0.999898732 -0.013725899 0.003740194 -0.770520449 0.013708699 0.999895513 0.004585865 -2.841533661 -0.003802748 -0.004534128 0.999982417 196.843978882
0.999926507 -0.011348735 0.004250654 -0.776704133 0.011349941 0.999935508 -0.000259832 -2.855261326 -0.004247431 0.000308057 0.999990880 198.274185181
0.999979079 -0.004660996 0.004491348 -0.780851841 0.004682129 0.999977887 -0.004706420 -2.886749744 -0.004469313 0.004727349 0.999978840 199.711807251
0.999973476 0.004487454 0.005741062 -0.788923502 -0.004458729 0.999977529 -0.005006619 -2.912876129 -0.005763400 0.004980888 0.999970973 201.162460327
0.999895751 0.012578318 0.007092466 -0.812185526 -0.012567778 0.999919832 -0.001528432 -2.935484648 -0.007111122 0.001439136 0.999973655 202.592712402
0.999888897 0.012731883 0.007744302 -0.809380531 -0.012744144 0.999917626 0.001535806 -2.973539352 -0.007724111 -0.001634330 0.999968827 204.034210205
0.999914110 0.010925479 0.007229719 -0.804822445 -0.010938980 0.999938548 0.001830064 -2.989337206 -0.007209281 -0.001908992 0.999972165 205.475631714
0.999950171 0.007718088 0.006330109 -0.799332380 -0.007730004 0.999968469 0.001859929 -3.010529757 -0.006315554 -0.001908768 0.999978185 206.931335449
0.999967456 0.005968458 0.005423828 -0.808837771 -0.005974414 0.999981582 0.001082611 -3.030775309 -0.005417265 -0.001114980 0.999984682 208.365142822
0.999969959 0.006084019 0.004793131 -0.804362774 -0.006087182 0.999981284 0.000645528 -3.051347971 -0.004789114 -0.000674685 0.999988258 209.835601807
0.999961257 0.007344391 0.004854735 -0.816346407 -0.007349409 0.999972463 0.001016410 -3.077976704 -0.004847138 -0.001052050 0.999987721 211.273956299
0.999959052 0.007792123 0.004608145 -0.814917505 -0.007800841 0.999967754 0.001876686 -3.102609634 -0.004593374 -0.001912556 0.999987662 212.734024048
0.999959767 0.007780055 0.004463474 -0.823256969 -0.007787260 0.999968410 0.001599087 -3.126037359 -0.004450892 -0.001633781 0.999988675 214.201110840
0.999964058 0.007341164 0.004238517 -0.826211810 -0.007344109 0.999972880 0.000679530 -3.152048588 -0.004233414 -0.000710633 0.999990761 215.667953491
0.999972939 0.006350085 0.003714479 -0.825852334 -0.006350383 0.999979854 0.000068286 -3.166153908 -0.003713971 -0.000091872 0.999993086 217.140960693
0.999972105 0.006668112 0.003370889 -0.830072165 -0.006668099 0.999977767 -0.000015212 -3.189335346 -0.003370916 -0.000007266 0.999994338 218.620758057
0.999969363 0.007163893 0.003157463 -0.836526453 -0.007163252 0.999974251 -0.000214727 -3.211965561 -0.003158920 0.000192103 0.999994993 220.108566284
0.999969780 0.007263268 0.002758816 -0.841786861 -0.007261741 0.999973416 -0.000563396 -3.234397411 -0.002762835 0.000543345 0.999996006 221.592788696
0.999964237 0.008143348 0.002345196 -0.844661474 -0.008141724 0.999966621 -0.000701462 -3.261213303 -0.002350830 0.000682343 0.999996960 223.082962036
0.999965012 0.008035687 0.002342209 -0.854420483 -0.008033666 0.999967396 -0.000871087 -3.285474300 -0.002349132 0.000852240 0.999996841 224.562744141
0.999963045 0.008373777 0.001951996 -0.865496635 -0.008372120 0.999964714 -0.000855206 -3.309227943 -0.001959088 0.000838832 0.999997735 226.076171875
0.999970019 0.007514013 0.001897757 -0.869748592 -0.007512048 0.999971330 -0.001039808 -3.332201481 -0.001905515 0.001025520 0.999997675 227.573303223
0.999979019 0.006123639 0.002106399 -0.883002996 -0.006121577 0.999980748 -0.000984185 -3.363616705 -0.002112385 0.000971270 0.999997318 229.069168091
0.999984503 0.004939874 0.002544789 -0.893589497 -0.004938619 0.999987662 -0.000499113 -3.393506527 -0.002547224 0.000486538 0.999996662 230.562240601
0.999990642 0.003409515 0.002646195 -0.890625894 -0.003409799 0.999994099 0.000103171 -3.411402225 -0.002645827 -0.000112193 0.999996483 232.071334839
0.999990582 0.003562324 0.002437523 -0.893379748 -0.003562995 0.999993622 0.000271172 -3.433911085 -0.002436541 -0.000279854 0.999996960 233.575317383
0.999988437 0.004014288 0.002646279 -0.902094603 -0.004013770 0.999991953 -0.000200792 -3.463462591 -0.002647063 0.000190168 0.999996483 235.087036133
0.999984443 0.004737833 0.002925232 -0.905296206 -0.004736079 0.999988616 -0.000606383 -3.491410494 -0.002928071 0.000592519 0.999995530 236.595565796
0.999977112 0.005801154 0.003481728 -0.910749316 -0.005801979 0.999983132 0.000226396 -3.518768311 -0.003480355 -0.000246592 0.999993861 238.097885132
0.999967158 0.006598976 0.004698972 -0.927267075 -0.006608475 0.999976099 0.002009056 -3.539712906 -0.004685603 -0.002040043 0.999986887 239.622909546
0.999962926 0.006759713 0.005331144 -0.929958582 -0.006771171 0.999974847 0.002133821 -3.557900190 -0.005316586 -0.002169840 0.999983549 241.133682251
0.999958396 0.007016366 0.005824714 -0.922760725 -0.007022067 0.999974906 0.000959020 -3.586113214 -0.005817839 -0.000999881 0.999982595 242.639419556
0.999953568 0.007364011 0.006222807 -0.915739655 -0.007359596 0.999972641 -0.000732119 -3.604762793 -0.006228028 0.000686287 0.999980390 244.156967163
0.999951303 0.007515278 0.006389626 -0.913672447 -0.007516853 0.999971747 0.000222583 -3.637260437 -0.006387773 -0.000270602 0.999979556 245.686660767
0.999956906 0.007114251 0.005968492 -0.901738524 -0.007122299 0.999973774 0.001328204 -3.661274195 -0.005958885 -0.001370657 0.999981284 247.226989746
0.999953151 0.007600552 0.005979724 -0.905084968 -0.007610801 0.999969602 0.001693060 -3.685859919 -0.005966675 -0.001738491 0.999980628 248.759002686
0.999958098 0.007327354 0.005476763 -0.896841288 -0.007339632 0.999970555 0.002224862 -3.713563919 -0.005460300 -0.002264966 0.999982476 250.293121338
0.999939740 0.009208847 0.005972356 -0.901663780 -0.009222891 0.999954700 0.002328118 -3.736379147 -0.005950646 -0.002383060 0.999979436 251.813812256
0.999920726 0.010794157 0.006485500 -0.908087969 -0.010807956 0.999939442 0.002096462 -3.756489515 -0.006462477 -0.002166391 0.999976754 253.345306396
0.999919653 0.011006298 0.006280448 -0.906646371 -0.011019698 0.999936998 0.002102759 -3.775362492 -0.006256909 -0.002171798 0.999978065 254.883377075
0.999933302 0.009665865 0.006320893 -0.904031992 -0.009679141 0.999950945 0.002073148 -3.792622566 -0.006300544 -0.002134191 0.999977887 256.425811768
0.999951065 0.007836083 0.006042076 -0.901530266 -0.007853447 0.999965072 0.002855538 -3.810517311 -0.006019489 -0.002902850 0.999977708 257.962921143
0.999965370 0.005134657 0.006537216 -0.911228657 -0.005159075 0.999979734 0.003723913 -3.834777355 -0.006517963 -0.003757510 0.999971688 259.503356934
0.999968946 0.004090990 0.006729477 -0.910708666 -0.004111514 0.999987006 0.003038873 -3.854485989 -0.006716957 -0.003066447 0.999972761 261.038055420
0.999973834 0.003217739 0.006472101 -0.910281897 -0.003230298 0.999992907 0.001931069 -3.881993532 -0.006465841 -0.001951926 0.999977171 262.571258545
0.999977529 0.001240194 0.006594844 -0.901139617 -0.001265005 0.999992132 0.003759274 -3.902491570 -0.006590130 -0.003767531 0.999971151 264.112609863
0.999969065 -0.000373586 0.007856755 -0.918222427 0.000329840 0.999984443 0.005568441 -3.923548222 -0.007858712 -0.005565677 0.999953628 265.606262207
0.999968588 -0.001284279 0.007810105 -0.910998344 0.001247630 0.999988198 0.004695619 -3.939363480 -0.007816042 -0.004685728 0.999958456 267.151763916
0.999964893 -0.001863484 0.008162275 -0.902005911 0.001834001 0.999991775 0.003618099 -3.956928968 -0.008168947 -0.003603003 0.999960124 268.690124512
0.999962866 -0.001045347 0.008556066 -0.896083117 0.001015907 0.999993563 0.003444483 -3.979897022 -0.008559613 -0.003435663 0.999957502 270.231628418
0.999949157 0.000571954 0.010067102 -0.892448425 -0.000608910 0.999993086 0.003668301 -4.005191803 -0.010064936 -0.003674245 0.999942601 271.782775879
0.999937356 0.001904816 0.011033786 -0.887811184 -0.001941314 0.999992728 0.003298034 -4.022977829 -0.011027424 -0.003319248 0.999933779 273.319427490
0.999920726 0.003459609 0.012106673 -0.872871637 -0.003497463 0.999989033 0.003106903 -4.049437046 -0.012095794 -0.003149000 0.999921858 274.861389160
0.999903917 0.004560129 0.013083877 -0.859780550 -0.004596025 0.999985695 0.002714792 -4.073081970 -0.013071311 -0.002774665 0.999910712 276.403472900
0.999890924 0.005221037 0.013815634 -0.838134050 -0.005252215 0.999983728 0.002221395 -4.099505424 -0.013803812 -0.002293715 0.999902010 277.947540283
0.999881744 0.004214702 0.014785862 -0.821936131 -0.004238005 0.999989808 0.001545071 -4.116580009 -0.014779199 -0.001607551 0.999889433 279.516418457
0.999872029 0.003575562 0.015592342 -0.791610241 -0.003611799 0.999990821 0.002296586 -4.149784088 -0.015583989 -0.002352609 0.999875724 281.066009521
0.999865174 0.002477505 0.016233021 -0.774393559 -0.002530873 0.999991477 0.003267889 -4.167982101 -0.016224789 -0.003308532 0.999862850 282.649444580
0.999862313 0.001225376 0.016550029 -0.758790016 -0.001283119 0.999993086 0.003478857 -4.189656258 -0.016545653 -0.003499614 0.999856949 284.211212158
0.999868214 0.001142767 0.016190005 -0.731040001 -0.001160229 0.999998748 0.001069251 -4.213927746 -0.016188763 -0.001087894 0.999868274 285.795471191
0.999872863 -0.000154677 0.015945034 -0.708460331 0.000173720 0.999999225 -0.001192889 -4.238400459 -0.015944840 0.001195507 0.999872088 287.369964600
0.999887288 0.000058030 0.015019283 -0.688170433 -0.000039894 0.999999285 -0.001207816 -4.264638901 -0.015019340 0.001207080 0.999886394 288.929382324
0.999902189 -0.001518828 0.013904396 -0.669389725 0.001534761 0.999998152 -0.001135321 -4.291305542 -0.013902647 0.001156550 0.999902606 290.491485596
0.999914885 -0.001578751 0.012947586 -0.661461592 0.001601309 0.999997199 -0.001732035 -4.315922737 -0.012944815 0.001752620 0.999914706 292.037048340
0.999919951 -0.001412989 0.012571282 -0.655807257 0.001438507 0.999996901 -0.002021068 -4.343627930 -0.012568385 0.002038990 0.999918938 293.601318359
0.999930978 -0.000995541 0.011702450 -0.635125637 0.001012704 0.999998391 -0.001460781 -4.371941090 -0.011700979 0.001472532 0.999930441 295.175323486
0.999942183 -0.001563111 0.010639129 -0.624409914 0.001575717 0.999998093 -0.001176567 -4.403435230 -0.010637269 0.001193263 0.999942720 296.742614746
0.999952972 -0.001350588 0.009602126 -0.618744850 0.001350327 0.999999106 0.000033690 -4.428742886 -0.009602163 -0.000020722 0.999953926 298.311370850
0.999961555 -0.000096189 0.008771040 -0.609306097 0.000083342 0.999998868 0.001465060 -4.450521469 -0.008771174 -0.001464272 0.999960482 299.895416260
0.999952018 0.000019831 0.009794582 -0.609013557 -0.000033868 0.999998927 0.001432976 -4.465004921 -0.009794543 -0.001433239 0.999951005 301.500762939
0.999939620 0.000622207 0.010973251 -0.597729206 -0.000637660 0.999998748 0.001404817 -4.494638443 -0.010972366 -0.001411729 0.999938846 303.090667725
0.999935210 -0.001196839 0.011321762 -0.599582672 0.001185925 0.999998808 0.000970639 -4.513175011 -0.011322910 -0.000957149 0.999935448 304.696838379
0.999927163 -0.002794183 0.011737176 -0.589159727 0.002790343 0.999996066 0.000343526 -4.551229477 -0.011738089 -0.000310750 0.999931037 306.278961182
0.999917448 -0.004912887 0.011873960 -0.561347723 0.004933340 0.999986410 -0.001693932 -4.572231770 -0.011865480 0.001752370 0.999927998 307.897064209
0.999917924 -0.005285649 0.011666121 -0.556329012 0.005313786 0.999983191 -0.002382320 -4.611567974 -0.011653331 0.002444116 0.999929070 309.481140137
0.999945581 -0.004517224 0.009394616 -0.549694061 0.004548515 0.999984264 -0.003312061 -4.639676571 -0.009379504 0.003354613 0.999950349 311.093566895
0.999966860 -0.003118553 0.007510419 -0.547533274 0.003141319 0.999990523 -0.003021300 -4.659761429 -0.007500925 0.003044793 0.999967217 312.726623535
0.999972343 -0.002204223 0.007099211 -0.545629501 0.002202410 0.999997497 0.000263195 -4.687417030 -0.007099773 -0.000247553 0.999974728 314.354492188
0.999966204 -0.003513926 0.007433845 -0.530228853 0.003488325 0.999987960 0.003454014 -4.710852146 -0.007445893 -0.003427966 0.999966383 315.992095947
0.999964356 -0.004449423 0.007175701 -0.520803452 0.004420578 0.999982178 0.004030757 -4.727548122 -0.007193508 -0.003998893 0.999966085 317.621612549
0.999957561 -0.004946040 0.007775436 -0.517430067 0.004925523 0.999984264 0.002655801 -4.745504379 -0.007788450 -0.002617390 0.999966264 319.238067627
0.999945998 -0.006599439 0.008024949 -0.515822649 0.006576251 0.999974132 0.002912306 -4.767346859 -0.008043960 -0.002859375 0.999963641 320.848754883
0.999935031 -0.007400423 0.008673147 -0.520384550 0.007369719 0.999966443 0.003566791 -4.791274071 -0.008699253 -0.003502641 0.999955952 322.463256836
0.999930859 -0.007466542 0.009079630 -0.508889198 0.007434859 0.999966145 0.003518255 -4.811579227 -0.009105595 -0.003450506 0.999952555 324.094848633
0.999937117 -0.006315121 0.009260985 -0.502569914 0.006292747 0.999977231 0.002443131 -4.831345558 -0.009276203 -0.002384700 0.999954104 325.706665039
0.999937356 -0.004899330 0.010063534 -0.498000860 0.004881874 0.999986529 0.001758480 -4.857030869 -0.010072015 -0.001709241 0.999947786 327.309387207
0.999924362 -0.006337475 0.010534124 -0.485049248 0.006299826 0.999973595 0.003603349 -4.878469467 -0.010556682 -0.003536713 0.999938011 328.939849854
0.999920368 -0.007112736 0.010415161 -0.473944187 0.007067025 0.999965250 0.004419216 -4.899007320 -0.010446236 -0.004345260 0.999935985 330.547851562
0.999912679 -0.007649616 0.010776317 -0.470436811 0.007617710 0.999966443 0.002998855 -4.919602394 -0.010798896 -0.002916502 0.999937415 332.160797119
0.999924302 -0.006784816 0.010265223 -0.453148842 0.006755810 0.999973059 0.002857829 -4.940528870 -0.010284335 -0.002788262 0.999943197 333.795135498
0.999934614 -0.004842684 0.010358808 -0.458896399 0.004831667 0.999987721 0.001088419 -4.967881203 -0.010363950 -0.001038298 0.999945700 335.386566162
0.999948978 -0.003174990 0.009590950 -0.450862885 0.003193200 0.999993145 -0.001883872 -4.993155479 -0.009584904 0.001914402 0.999952197 337.001739502
0.999958813 -0.002150049 0.008816408 -0.449046850 0.002161368 0.999996841 -0.001274545 -5.024971962 -0.008813640 0.001293548 0.999960303 338.601470947
0.999969304 -0.000873633 0.007787065 -0.448095798 0.000857624 0.999997497 0.002058955 -5.051104546 -0.007788845 -0.002052214 0.999967575 340.181701660
0.999979794 -0.000550095 0.006322576 -0.439337015 0.000517728 0.999986768 0.005119797 -5.079111576 -0.006325309 -0.005116420 0.999966860 341.776306152
0.999987602 -0.000068244 0.004976611 -0.442182422 0.000048982 0.999992609 0.003870517 -5.101198196 -0.004976838 -0.003870225 0.999980092 343.361114502
0.999995470 -0.000598592 0.002949687 -0.442839384 0.000592131 0.999997377 0.002190774 -5.122130394 -0.002950991 -0.002189017 0.999993265 344.947845459
0.999997795 -0.001706616 0.001207376 -0.444171250 0.001702438 0.999992609 0.003452993 -5.147385120 -0.001213260 -0.003450929 0.999993324 346.520660400
0.999994755 -0.003234005 -0.000052228 -0.444379747 0.003234185 0.999987006 0.003932462 -5.172288895 0.000039510 -0.003932611 0.999992311 348.113159180
0.999992967 -0.003739648 -0.000185944 -0.464437395 0.003740185 0.999988616 0.002971745 -5.188895226 0.000174829 -0.002972420 0.999995530 349.677978516
0.999988019 -0.004856376 -0.000604273 -0.473553598 0.004857560 0.999986351 0.001975327 -5.210076809 0.000594672 -0.001978238 0.999997795 351.259338379
0.999988973 -0.004663529 -0.000523674 -0.484694958 0.004664463 0.999987483 0.001795130 -5.233752728 0.000515296 -0.001797553 0.999998271 352.844024658
0.999985933 -0.005286375 -0.000460932 -0.496115327 0.005287183 0.999984562 0.001772300 -5.260090828 0.000451555 -0.001774713 0.999998331 354.440948486
0.999983847 -0.005652015 -0.000702693 -0.499813378 0.005652729 0.999983549 0.001020247 -5.283507347 0.000696915 -0.001024203 0.999999225 356.036041260
0.999983072 -0.005794171 -0.000542169 -0.512537122 0.005794400 0.999983132 0.000423989 -5.309595108 0.000539703 -0.000427123 0.999999702 357.650207520
0.999980509 -0.006218683 -0.000501299 -0.520314395 0.006219028 0.999980450 0.000687922 -5.335182667 0.000497011 -0.000691027 0.999999642 359.239654541
0.999978781 -0.006445004 -0.000908608 -0.522294760 0.006444968 0.999979258 -0.000042686 -5.361320019 0.000908864 0.000036830 0.999999523 360.832366943
0.999967575 -0.007986071 -0.000945457 -0.526887357 0.007984588 0.999966919 -0.001562595 -5.386055946 0.000957905 0.001554995 0.999998331 362.420745850
0.999953866 -0.009542679 -0.001087180 -0.531739354 0.009543109 0.999954402 0.000390922 -5.415467262 0.001083400 -0.000401279 0.999999285 364.034149170
0.999931812 -0.011587083 -0.001447912 -0.527930856 0.011588995 0.999931991 0.001318695 -5.443367958 0.001432534 -0.001335385 0.999998093 365.625915527
0.999935210 -0.011283174 -0.001510751 -0.530242443 0.011282908 0.999936342 -0.000184144 -5.459050179 0.001512733 0.000167086 0.999998868 367.237884521
0.999948502 -0.010133115 -0.000605794 -0.553047538 0.010132510 0.999948144 -0.000990585 -5.480284214 0.000615801 0.000984396 0.999999344 368.859008789
0.999960303 -0.008894791 -0.000545984 -0.563281238 0.008894656 0.999960542 -0.000243556 -5.511253357 0.000548129 0.000238690 0.999999821 370.458221436
0.999974370 -0.007141480 -0.000555208 -0.570649385 0.007141983 0.999974132 0.000911392 -5.536594391 0.000548685 -0.000915334 0.999999464 372.061065674
0.999970615 -0.007654535 -0.000225681 -0.576421201 0.007654608 0.999970675 0.000334286 -5.564253330 0.000223116 -0.000336003 0.999999940 373.670654297
0.999973953 -0.007211919 0.000099583 -0.595499456 0.007212027 0.999973357 -0.001137975 -5.580270767 -0.000091373 0.001138663 0.999999344 375.261688232
0.999974787 -0.007092719 0.000401084 -0.606287897 0.007093003 0.999974608 -0.000714954 -5.618107796 -0.000396003 0.000717781 0.999999642 376.864166260
0.999972820 -0.007337786 0.000708161 -0.603378356 0.007337749 0.999973118 0.000055386 -5.655644417 -0.000708548 -0.000050189 0.999999762 378.490692139
0.999984801 -0.005328949 0.001393409 -0.630351126 0.005329427 0.999985754 -0.000340178 -5.675165653 -0.001391577 0.000347599 0.999998987 380.113220215
0.999991596 -0.003592279 0.001948659 -0.637308598 0.003592021 0.999993563 0.000135731 -5.700866699 -0.001949134 -0.000128730 0.999998152 381.715515137
0.999994636 -0.001699901 0.002807358 -0.661933184 0.001701815 0.999998271 -0.000679567 -5.728958607 -0.002806198 0.000684341 0.999995768 383.363311768
